theta_0, theta_1, prob_hat,prob_lb, prob_ub,
0.00165904, 0.0195521, 0.00436681, 0, 0.02
0.000834741, 0.131918, 0.0071599, 0, 0.02
0.00249488, 0.023336, 0.0108043, 0.000804322, 0.0208043
0.000130098, 0.0755854, 0.0071599, 0, 0.02
0.00153853, 0.0140037, 0.00436681, 0, 0.02
0.000510409, 0.132843, 0.00436681, 0, 0.02
0.0020139, 0.131926, 0.0834317, 0.0734317, 0.0934317
0.00112453, 0.0115932, 0.00436681, 0, 0.02
0.00133107, 0.171932, 0.00436681, 0, 0.02
0.000188329, 0.185815, 0.00436681, 0, 0.02
0.00250097, 0.111773, 0.106174, 0.0961736, 0.116174
0.000427594, 0.077949, 0.0325625, 0.0225625, 0.0425625
0.00110743, 0.0513479, 0.334642, 0.324642, 0.344642
0.00293057, 0.0310587, 0.240426, 0.230426, 0.250426
0.000470502, 0.092069, 0.0155251, 0.00552511, 0.0255251
0.000765883, 0.156529, 0.00436681, 0, 0.02
0.00269651, 0.135308, 0.0449791, 0.0349791, 0.0549791
0.0012694, 0.161681, 0.00436681, 0, 0.02
0.00244695, 0.152763, 0.0275634, 0.0175634, 0.0375634
0.00103045, 0.126455, 0.0139303, 0.00393035, 0.0239303
0.00185107, 0.0648006, 0.625257, 0.615257, 0.635257
0.00179988, 0.116504, 0.134908, 0.124908, 0.144908
0.00162365, 0.0352644, 0.212743, 0.202743, 0.222743
0.000823709, 0.0782819, 0.199074, 0.189074, 0.209074
0.00189637, 0.0956875, 0.295255, 0.285255, 0.305255
0.000387506, 0.15004, 0.00436681, 0, 0.02
0.0005246, 0.0456458, 0.215546, 0.205546, 0.225546
0.00133163, 0.0326804, 0.0746789, 0.0646789, 0.0846789
0.0016268, 0.158553, 0.0060423, 0, 0.02
0.00237276, 0.0167974, 0.00436681, 0, 0.02
0.00237655, 0.0952646, 0.198102, 0.188102, 0.208102
0.00134001, 0.107001, 0.150242, 0.140242, 0.160242
0.00130134, 0.0285329, 0.0225315, 0.0125315, 0.0325315
0.00264361, 0.0364336, 0.458933, 0.448933, 0.468933
0.00251574, 0.00665114, 0.00436681, 0, 0.02
0.000541937, 0.160934, 0.00436681, 0, 0.02
0.00285686, 0.0816749, 0.183999, 0.173999, 0.193999
0.000748192, 0.0274784, 0.0060423, 0, 0.02
0.00138082, 0.19296, 0.00436681, 0, 0.02
0.0013593, 0.0187666, 0.00436681, 0, 0.02
0.00214124, 0.190707, 0.00436681, 0, 0.02
0.00120278, 0.050491, 0.3815, 0.3715, 0.3915
0.000826538, 0.145008, 0.00436681, 0, 0.02
0.00217802, 0.0910682, 0.266389, 0.256389, 0.276389
0.0010397, 0.196311, 0.00436681, 0, 0.02
0.00185329, 0.174402, 0.0071599, 0, 0.02
0.000973145, 0.073264, 0.327585, 0.317585, 0.337585
0.00267107, 0.101602, 0.115549, 0.105549, 0.125549
0.00179637, 0.103311, 0.241589, 0.231589, 0.251589
0.00193123, 0.0330247, 0.212121, 0.202121, 0.222121
0.00293517, 0.082247, 0.16191, 0.15191, 0.17191
0.00275828, 0.0802732, 0.213208, 0.203208, 0.223208
0.00125217, 0.155345, 0.00436681, 0, 0.02
0.000893579, 0.179926, 0.00436681, 0, 0.02
0.00209153, 0.0328943, 0.229727, 0.219727, 0.239727
0.000739844, 0.123914, 0.00964187, 0, 0.02
0.000512674, 0.0586063, 0.199187, 0.189187, 0.209187
0.00197106, 0.108649, 0.192974, 0.182974, 0.202974
0.00288271, 0.0283067, 0.120063, 0.110063, 0.130063
0.00130805, 0.0249897, 0.0071599, 0, 0.02
0.00284639, 0.128523, 0.0438816, 0.0338816, 0.0538816
0.00249762, 0.0484339, 0.688867, 0.678867, 0.698867
0.00118498, 0.0562662, 0.436512, 0.426512, 0.446512
0.00108599, 0.101068, 0.115231, 0.105231, 0.125231
0.000495608, 0.115624, 0.00436681, 0, 0.02
0.000603047, 0.148622, 0.00436681, 0, 0.02
0.00075837, 0.0351425, 0.0235669, 0.0135669, 0.0335669
0.000907474, 0.122957, 0.00436681, 0, 0.02
0.00198573, 0.0414382, 0.532486, 0.522486, 0.542486
0.0029373, 0.142402, 0.0178862, 0.00788618, 0.0278862
0.00257632, 0.18327, 0.00964187, 0, 0.02
0.00173849, 0.108831, 0.194399, 0.184399, 0.204399
0.00297491, 0.149169, 0.0165074, 0.00650738, 0.0265074
0.000889064, 0.0669475, 0.326363, 0.316363, 0.336363
0.000980623, 0.173463, 0.00436681, 0, 0.02
0.00202277, 0.194215, 0.00436681, 0, 0.02
0.000519626, 0.0684531, 0.119914, 0.109914, 0.129914
0.00253275, 0.134705, 0.0532738, 0.0432738, 0.0632738
0.00217075, 0.0553862, 0.671243, 0.661243, 0.681243
0.00268852, 0.16536, 0.0108043, 0.000804322, 0.0208043
0.00142016, 0.0755011, 0.509379, 0.499379, 0.519379
0.00111997, 0.150817, 0.0071599, 0, 0.02
6.44068e-05, 0.0719641, 0.0071599, 0, 0.02
0.00181694, 0.101393, 0.25997, 0.24997, 0.26997
0.00208601, 0.110478, 0.16931, 0.15931, 0.17931
0.00118817, 0.126277, 0.0251799, 0.0151799, 0.0351799
0.00103418, 0.134538, 0.0071599, 0, 0.02
0.00299595, 0.00524211, 0.00436681, 0, 0.02
0.00102373, 0.134335, 0.00436681, 0, 0.02
0.0025337, 0.132772, 0.0547826, 0.0447826, 0.0647826
0.001501, 0.190918, 0.00436681, 0, 0.02
0.00174211, 0.197128, 0.00436681, 0, 0.02
0.000786021, 0.187796, 0.00436681, 0, 0.02
0.00126944, 0.0459018, 0.338026, 0.328026, 0.348026
0.000925793, 0.0748186, 0.288139, 0.278139, 0.298139
0.00280601, 0.154595, 0.0174419, 0.00744186, 0.0274419
0.00294602, 0.107549, 0.0595494, 0.0495494, 0.0695494
0.00205127, 0.0599071, 0.642707, 0.632707, 0.652707
0.00224958, 0.0867387, 0.280562, 0.270562, 0.290562
8.7632e-05, 0.114303, 0.0060423, 0, 0.02
0.00272055, 0.168185, 0.0169779, 0.00697793, 0.0269779
0.00134597, 0.107027, 0.146726, 0.136726, 0.156726
0.00264743, 0.173294, 0.0108043, 0.000804322, 0.0208043
0.00292471, 0.0625526, 0.427313, 0.417313, 0.437313
0.000509414, 0.0889546, 0.0183121, 0.0083121, 0.0283121
0.00281193, 0.106708, 0.0769231, 0.0669231, 0.0869231
0.00146593, 0.197945, 0.00436681, 0, 0.02
0.00252936, 0.0373393, 0.486333, 0.476333, 0.496333
0.00251286, 0.105497, 0.117596, 0.107596, 0.127596
0.000648071, 0.0724174, 0.160304, 0.150304, 0.170304
0.00031069, 0.0152842, 0.0160285, 0.0060285, 0.0260285
0.00261228, 0.12496, 0.0621454, 0.0521454, 0.0721454
0.00157781, 0.051065, 0.589881, 0.579881, 0.599881
0.00151146, 0.0129383, 0.00436681, 0, 0.02
0.000703164, 0.178249, 0.00436681, 0, 0.02
0.00213728, 0.0537543, 0.679801, 0.669801, 0.689801
0.00297672, 0.0116529, 0.00436681, 0, 0.02
0.00179882, 0.153536, 0.0214681, 0.0114681, 0.0314681
0.00157881, 0.0615823, 0.632637, 0.622637, 0.642637
0.000343089, 0.169747, 0.00436681, 0, 0.02
0.00195309, 0.170948, 0.0071599, 0, 0.02
0.00179156, 0.112186, 0.174327, 0.164327, 0.184327
0.00123609, 0.0301359, 0.0281233, 0.0181233, 0.0381233
0.00120587, 0.0642519, 0.493547, 0.483547, 0.503547
0.00216352, 0.0679029, 0.508323, 0.498323, 0.518323
0.00120797, 0.047232, 0.326594, 0.316594, 0.336594
0.000334795, 0.127163, 0.00436681, 0, 0.02
0.000332305, 0.052541, 0.152627, 0.142627, 0.162627
0.00269745, 0.0172435, 0.00436681, 0, 0.02
0.00120431, 0.141666, 0.008, 0, 0.02
8.33354e-05, 0.160507, 0.00436681, 0, 0.02
0.00230127, 0.0209257, 0.0060423, 0, 0.02
0.000221605, 0.0216812, 0.136026, 0.126026, 0.146026
0.000753214, 0.103423, 0.0257913, 0.0157913, 0.0357913
0.00155341, 0.0134014, 0.00436681, 0, 0.02
0.00140775, 0.0918102, 0.318756, 0.308756, 0.328756
0.00222465, 0.100021, 0.202409, 0.192409, 0.212409
0.000373157, 0.0372912, 0.200264, 0.190264, 0.210264
0.00283306, 0.182855, 0.0100883, 8.82724e-05, 0.0200883
0.00117458, 0.197638, 0.00436681, 0, 0.02
0.00107539, 0.0682491, 0.423048, 0.413048, 0.433048
0.00219602, 0.0642923, 0.559102, 0.549102, 0.569102
6.84103e-05, 0.0763275, 0.00436681, 0, 0.02
0.00138842, 0.179392, 0.0060423, 0, 0.02
0.000661333, 0.113764, 0.00964187, 0, 0.02
0.00156684, 0.106179, 0.200207, 0.190207, 0.210207
0.0015988, 0.0486503, 0.570436, 0.560436, 0.580436
0.00242674, 0.170416, 0.0150235, 0.00502347, 0.0250235
0.0022774, 0.0904363, 0.248122, 0.238122, 0.258122
0.000944225, 0.0776714, 0.277761, 0.267761, 0.287761
0.000811597, 0.112826, 0.0195489, 0.00954887, 0.0295489
6.67581e-05, 0.0474332, 0.0569992, 0.0469992, 0.0669992
7.52944e-05, 0.1573, 0.00436681, 0, 0.02
0.000141903, 0.0341765, 0.214662, 0.204662, 0.224662
0.000635666, 0.0663169, 0.202556, 0.192556, 0.212556
0.00238201, 0.121064, 0.0978854, 0.0878854, 0.107885
0.000517369, 0.136391, 0.0060423, 0, 0.02
0.00108533, 0.18057, 0.00436681, 0, 0.02
0.00212253, 0.167094, 0.0060423, 0, 0.02
5.04457e-05, 0.12091, 0.00436681, 0, 0.02
0.00157933, 0.132043, 0.0513846, 0.0413846, 0.0613846
0.00159098, 0.190869, 0.00436681, 0, 0.02
0.00255874, 0.144654, 0.0418066, 0.0318066, 0.0518066
0.000276746, 0.0551445, 0.0974315, 0.0874315, 0.107432
0.00261132, 0.00976571, 0.00436681, 0, 0.02
0.00114058, 0.0965515, 0.172439, 0.162439, 0.182439
0.000130309, 0.181128, 0.00436681, 0, 0.02
0.00129887, 0.142177, 0.0155251, 0.00552511, 0.0255251
0.00130958, 0.16058, 0.0060423, 0, 0.02
0.000994598, 0.183945, 0.00436681, 0, 0.02
0.0016769, 0.16497, 0.0060423, 0, 0.02
0.00102182, 0.1665, 0.00436681, 0, 0.02
0.00128699, 0.0958885, 0.239874, 0.229874, 0.249874
5.27404e-05, 0.118691, 0.00436681, 0, 0.02
0.00105515, 0.0905003, 0.196352, 0.186352, 0.206352
0.000714166, 0.131719, 0.0060423, 0, 0.02
0.00271324, 0.0405409, 0.608377, 0.598377, 0.618377
0.00264159, 0.169194, 0.0174419, 0.00744186, 0.0274419
0.000611073, 0.145899, 0.00436681, 0, 0.02
0.000452382, 0.180226, 0.00436681, 0, 0.02
0.00217688, 0.144951, 0.0351494, 0.0251494, 0.0451494
0.000489256, 0.0868531, 0.0207291, 0.0107291, 0.0307291
0.000625595, 0.118507, 0.0071599, 0, 0.02
0.00260518, 0.165629, 0.0121413, 0.00214128, 0.0221413
0.000862746, 0.109423, 0.0242236, 0.0142236, 0.0342236
0.00132964, 0.16655, 0.0060423, 0, 0.02
0.00227169, 0.0837845, 0.298597, 0.288597, 0.308597
0.00123256, 0.108595, 0.103347, 0.0933474, 0.113347
0.00184523, 0.139649, 0.0517136, 0.0417136, 0.0617136
0.00282635, 0.117799, 0.0496183, 0.0396183, 0.0596183
0.000714699, 0.170756, 0.00436681, 0, 0.02
0.00260795, 0.0879348, 0.184216, 0.174216, 0.194216
0.00192277, 0.0443762, 0.596955, 0.586955, 0.606955
0.000387206, 0.122864, 0.00436681, 0, 0.02
0.0025168, 0.0236478, 0.0165074, 0.00650738, 0.0265074
0.00212952, 0.0809581, 0.374413, 0.364413, 0.384413
0.000996216, 0.0856615, 0.223323, 0.213323, 0.233323
0.00272151, 0.0518855, 0.64844, 0.63844, 0.65844
0.00279438, 0.117627, 0.065153, 0.055153, 0.075153
0.00263824, 0.153154, 0.0272829, 0.0172829, 0.0372829
0.00245959, 0.0819709, 0.257528, 0.247528, 0.267528
0.00160068, 0.12324, 0.0868905, 0.0768905, 0.0968905
0.00244127, 0.171294, 0.012766, 0.00276596, 0.022766
0.000770853, 0.10683, 0.0263913, 0.0163913, 0.0363913
0.00153908, 0.145659, 0.0207291, 0.0107291, 0.0307291
0.00128322, 0.0691385, 0.515208, 0.505208, 0.525208
0.000345918, 0.0128886, 0.00436681, 0, 0.02
0.0019999, 0.0194131, 0.00436681, 0, 0.02
0.000185028, 0.110928, 0.00436681, 0, 0.02
0.000427429, 0.187695, 0.00436681, 0, 0.02
0.000853999, 0.105486, 0.042956, 0.032956, 0.052956
0.000476754, 0.0702386, 0.0904265, 0.0804265, 0.100427
0.00244944, 0.189727, 0.0060423, 0, 0.02
0.0021934, 0.0942525, 0.250722, 0.240722, 0.260722
0.00265196, 0.182392, 0.0071599, 0, 0.02
0.00253658, 0.0211467, 0.00436681, 0, 0.02
0.00213142, 0.199537, 0.00436681, 0, 0.02
0.00144442, 0.0647358, 0.590612, 0.580612, 0.600612
0.000401859, 0.103743, 0.008, 0, 0.02
0.000673864, 0.125663, 0.00436681, 0, 0.02
6.72038e-05, 0.0471611, 0.0613257, 0.0513257, 0.0713257
0.00259605, 0.183197, 0.0114943, 0.00149425, 0.0214943
0.0029691, 0.0603406, 0.458872, 0.448872, 0.468872
0.00287594, 0.163313, 0.0195489, 0.00954887, 0.0295489
0.00279981, 0.0705878, 0.311622, 0.301622, 0.321622
0.000980436, 0.174769, 0.00436681, 0, 0.02
0.00256842, 0.0895339, 0.17834, 0.16834, 0.18834
0.00262417, 0.128704, 0.0534125, 0.0434125, 0.0634125
0.00290001, 0.0078084, 0.00436681, 0, 0.02
0.00153956, 0.00846115, 0.00436681, 0, 0.02
0.000666597, 0.183279, 0.00436681, 0, 0.02
0.00290726, 0.157298, 0.0150235, 0.00502347, 0.0250235
0.000805562, 0.17992, 0.00436681, 0, 0.02
0.00241067, 0.111024, 0.121886, 0.111886, 0.131886
0.00153106, 0.0917993, 0.346579, 0.336579, 0.356579
0.000537938, 0.0532666, 0.230226, 0.220226, 0.240226
0.0025069, 0.0511909, 0.669893, 0.659893, 0.679893
0.000410795, 0.142883, 0.00436681, 0, 0.02
0.00258576, 0.02363, 0.0187354, 0.00873536, 0.0287354
0.00280683, 0.132091, 0.0487884, 0.0387884, 0.0587884
0.000609469, 0.0571764, 0.243307, 0.233307, 0.253307
0.00139756, 0.191189, 0.00436681, 0, 0.02
8.82101e-05, 0.19422, 0.00436681, 0, 0.02
0.00265524, 0.131366, 0.0520231, 0.0420231, 0.0620231
0.00153392, 0.0313615, 0.0911898, 0.0811898, 0.10119
9.85946e-05, 0.111754, 0.00436681, 0, 0.02
0.000385603, 0.0918043, 0.00918836, 0, 0.02
0.0006688, 0.0746633, 0.154724, 0.144724, 0.164724
0.00231993, 0.0272408, 0.070361, 0.060361, 0.080361
0.00103622, 0.0781531, 0.320482, 0.310482, 0.330482
0.000255655, 0.0805888, 0.0150235, 0.00502347, 0.0250235
0.00110643, 0.0493051, 0.302216, 0.292216, 0.312216
0.00282764, 0.155746, 0.00436681, 0, 0.02
0.00266681, 0.192206, 0.00436681, 0, 0.02
0.000938541, 0.163423, 0.00436681, 0, 0.02
0.00289463, 0.197922, 0.00865052, 0, 0.02
0.000315713, 0.0567275, 0.108428, 0.0984281, 0.118428
0.000310502, 0.178097, 0.00436681, 0, 0.02
0.00227895, 0.196758, 0.0060423, 0, 0.02
0.000818374, 0.040253, 0.0674319, 0.0574319, 0.0774319
0.00179338, 0.0943631, 0.321752, 0.311752, 0.331752
0.00141082, 0.169502, 0.00436681, 0, 0.02
0.00186195, 0.0264436, 0.0315841, 0.0215841, 0.0415841
0.00283237, 0.0973335, 0.1003, 0.0903004, 0.1103
0.00298622, 0.115255, 0.0523291, 0.0423291, 0.0623291
0.00178035, 0.031436, 0.13899, 0.12899, 0.14899
0.00205292, 0.0277788, 0.0585671, 0.0485671, 0.0685671
0.00237165, 0.03683, 0.44479, 0.43479, 0.45479
0.00176518, 0.0311075, 0.114688, 0.104688, 0.124688
0.00106419, 0.158561, 0.00436681, 0, 0.02
0.00191026, 0.0842704, 0.406361, 0.396361, 0.416361
0.000807511, 0.196427, 0.00436681, 0, 0.02
0.00031396, 0.132865, 0.00436681, 0, 0.02
0.000345568, 0.136774, 0.00436681, 0, 0.02
0.000621224, 0.109119, 0.0108043, 0.000804322, 0.0208043
0.000605343, 0.141159, 0.00436681, 0, 0.02
0.0011949, 0.0649818, 0.48107, 0.47107, 0.49107
0.00223805, 0.0543071, 0.667074, 0.657074, 0.677074
0.000142931, 0.023655, 0.237711, 0.227711, 0.247711
0.00202602, 0.0445412, 0.616773, 0.606773, 0.626773
0.000631569, 0.132353, 0.0071599, 0, 0.02
0.00184692, 0.0251083, 0.0139303, 0.00393035, 0.0239303
0.000427027, 0.0995435, 0.012766, 0.00276596, 0.022766
0.00272194, 0.0525307, 0.634243, 0.624243, 0.644243
0.0028778, 0.111417, 0.060654, 0.050654, 0.070654
0.00258871, 0.166802, 0.0133607, 0.00336074, 0.0233607
0.0022824, 0.0891088, 0.252178, 0.242178, 0.262178
0.000790786, 0.148844, 0.00436681, 0, 0.02
0.000367319, 0.152415, 0.00436681, 0, 0.02
0.00227534, 0.122326, 0.101437, 0.0914373, 0.111437
0.00257509, 0.0513056, 0.670922, 0.660922, 0.680922
0.000293687, 0.00796327, 0.00436681, 0, 0.02
0.000668965, 0.0955429, 0.0342342, 0.0242342, 0.0442342
0.000602128, 0.150668, 0.00436681, 0, 0.02
0.000960665, 0.0136749, 0.00436681, 0, 0.02
0.000142633, 0.100655, 0.00436681, 0, 0.02
0.00266454, 0.0378236, 0.51669, 0.50669, 0.52669
0.00241365, 0.0210945, 0.00436681, 0, 0.02
0.00106273, 0.0987626, 0.125481, 0.115481, 0.135481
0.000773248, 0.170149, 0.00436681, 0, 0.02
0.00252349, 0.12733, 0.066164, 0.056164, 0.076164
0.00189408, 0.0118033, 0.00436681, 0, 0.02
0.000250843, 0.119234, 0.00436681, 0, 0.02
0.000562936, 0.123707, 0.0060423, 0, 0.02
0.00117651, 0.144846, 0.0071599, 0, 0.02
0.001648, 0.114374, 0.142116, 0.132116, 0.152116
0.000345986, 0.0506494, 0.178112, 0.168112, 0.188112
0.000749845, 0.129511, 0.00436681, 0, 0.02
0.0029351, 0.070622, 0.289514, 0.279514, 0.299514
0.00107597, 0.0400437, 0.125258, 0.115258, 0.135258
0.00170074, 0.050164, 0.631037, 0.621037, 0.641037
0.000494276, 0.0991485, 0.0121413, 0.00214128, 0.0221413
0.000468032, 0.0916132, 0.0174419, 0.00744186, 0.0274419
0.00130598, 0.160844, 0.008, 0, 0.02
0.000308867, 0.130756, 0.00436681, 0, 0.02
0.000807642, 0.176105, 0.00436681, 0, 0.02
0.00189252, 0.0322006, 0.176666, 0.166666, 0.186666
0.000924031, 0.0881322, 0.160304, 0.150304, 0.170304
0.00255789, 0.13809, 0.0369282, 0.0269282, 0.0469282
0.00240129, 0.0205897, 0.0060423, 0, 0.02
0.000431271, 0.114271, 0.00436681, 0, 0.02
0.00277976, 0.178322, 0.008, 0, 0.02
0.00247297, 0.152783, 0.0266894, 0.0166894, 0.0366894
0.000814564, 0.169376, 0.00436681, 0, 0.02
0.00182143, 0.067202, 0.603882, 0.593882, 0.613882
0.000234492, 0.0626117, 0.0465744, 0.0365744, 0.0565744
0.0028058, 0.131871, 0.0423885, 0.0323885, 0.0523885
0.00069401, 0.0707112, 0.191694, 0.181694, 0.201694
0.00276974, 0.0348293, 0.397533, 0.387533, 0.407533
0.000918097, 0.0143531, 0.00436681, 0, 0.02
0.00106945, 0.142855, 0.00436681, 0, 0.02
0.00094112, 0.110074, 0.0394322, 0.0294322, 0.0494322
0.00262096, 0.0715626, 0.337803, 0.327803, 0.347803
0.00135601, 0.195984, 0.00436681, 0, 0.02
0.0011725, 0.115442, 0.0610587, 0.0510587, 0.0710587
0.000992943, 0.149075, 0.00436681, 0, 0.02
0.0012564, 0.170662, 0.00436681, 0, 0.02
0.001012, 0.106394, 0.0681657, 0.0581657, 0.0781657
0.00231834, 0.103098, 0.16111, 0.15111, 0.17111
0.00154984, 0.192905, 0.00436681, 0, 0.02
0.000119498, 0.194342, 0.00436681, 0, 0.02
0.00210475, 0.169773, 0.0133607, 0.00336074, 0.0233607
0.00240255, 0.175344, 0.0100883, 8.82724e-05, 0.0200883
0.00114735, 0.0224304, 0.00436681, 0, 0.02
0.000501308, 0.155588, 0.00436681, 0, 0.02
0.00257325, 0.0605458, 0.526545, 0.516545, 0.536545
0.00229973, 0.0284036, 0.0968852, 0.0868852, 0.106885
0.00269473, 0.0336131, 0.338249, 0.328249, 0.348249
0.00160964, 0.0414351, 0.40549, 0.39549, 0.41549
0.00233009, 0.121733, 0.101876, 0.0918762, 0.111876
0.00173489, 0.0969135, 0.305759, 0.295759, 0.315759
0.00192584, 0.073935, 0.501718, 0.491718, 0.511718
0.00134728, 0.0427576, 0.309272, 0.299272, 0.319272
0.00120509, 0.121244, 0.0453287, 0.0353287, 0.0553287
0.00292768, 0.0527528, 0.600641, 0.590641, 0.610641
0.00215874, 0.118918, 0.123925, 0.113925, 0.133925
0.000957693, 0.117746, 0.0232258, 0.0132258, 0.0332258
0.00131506, 0.0768867, 0.467942, 0.457942, 0.477942
0.00143542, 0.0860877, 0.395739, 0.385739, 0.405739
0.0017882, 0.0800024, 0.468491, 0.458491, 0.478491
0.00256084, 0.100102, 0.142381, 0.132381, 0.152381
0.0019925, 0.0900299, 0.326894, 0.316894, 0.336894
0.000108427, 0.154794, 0.00436681, 0, 0.02
0.00285625, 0.0381801, 0.545106, 0.535106, 0.555106
0.00165603, 0.121032, 0.109184, 0.0991838, 0.119184
0.00100106, 0.046203, 0.19641, 0.18641, 0.20641
0.00298307, 0.0295311, 0.177587, 0.167587, 0.187587
0.00176118, 0.0924588, 0.341158, 0.331158, 0.351158
0.00153502, 0.0138862, 0.00436681, 0, 0.02
0.000548639, 0.0249286, 0.0071599, 0, 0.02
0.00168234, 0.0566848, 0.660083, 0.650083, 0.670083
0.00241024, 0.12524, 0.0823037, 0.0723037, 0.0923037
0.00289864, 0.0764364, 0.222348, 0.212348, 0.232348
6.28179e-05, 0.165214, 0.00436681, 0, 0.02
0.000414147, 0.142654, 0.00436681, 0, 0.02
0.00124173, 0.051031, 0.412317, 0.402317, 0.422317
0.00192061, 0.175897, 0.00436681, 0, 0.02
0.00272255, 0.136462, 0.0435095, 0.0335095, 0.0535095
0.00277197, 0.0375665, 0.511976, 0.501976, 0.521976
0.00211283, 0.115371, 0.14691, 0.13691, 0.15691
0.00179221, 0.178862, 0.00436681, 0, 0.02
0.000125484, 0.150408, 0.00436681, 0, 0.02
0.000612213, 0.13164, 0.00436681, 0, 0.02
0.00170465, 0.00766177, 0.00436681, 0, 0.02
0.00295911, 0.124236, 0.0440654, 0.0340654, 0.0540654
0.00168362, 0.0551096, 0.660128, 0.650128, 0.670128
0.00160638, 0.132753, 0.0543383, 0.0443383, 0.0643383
0.0011547, 0.186356, 0.00436681, 0, 0.02
0.00208011, 0.18843, 0.00436681, 0, 0.02
0.00231018, 0.0644976, 0.524235, 0.514235, 0.534235
0.00198889, 0.0130345, 0.00436681, 0, 0.02
0.00252026, 0.147885, 0.0305611, 0.0205611, 0.0405611
0.00246069, 0.0206529, 0.00436681, 0, 0.02
0.00295844, 0.0297887, 0.187766, 0.177766, 0.197766
0.000630584, 0.192302, 0.00436681, 0, 0.02
0.000273476, 0.166859, 0.00436681, 0, 0.02
0.00110443, 0.091564, 0.20739, 0.19739, 0.21739
0.000498521, 0.0882292, 0.0297741, 0.0197741, 0.0397741
0.00269122, 0.157508, 0.0203341, 0.0103341, 0.0303341
9.17317e-05, 0.0305602, 0.221075, 0.211075, 0.231075
0.00244531, 0.0327897, 0.273245, 0.263245, 0.283245
0.00154108, 0.0299179, 0.06425, 0.05425, 0.07425
0.00196195, 0.191747, 0.00436681, 0, 0.02
0.00221921, 0.0054724, 0.00436681, 0, 0.02
0.0026433, 0.114908, 0.0834317, 0.0734317, 0.0934317
0.00140228, 0.143738, 0.0133607, 0.00336074, 0.0233607
0.0024773, 0.168577, 0.0071599, 0, 0.02
0.000216848, 0.179916, 0.00436681, 0, 0.02
0.0020877, 0.0655781, 0.562634, 0.552634, 0.572634
0.00205935, 0.0834031, 0.365215, 0.355215, 0.375215
0.00143788, 0.0588836, 0.593067, 0.583067, 0.603067
0.000742115, 0.136956, 0.00436681, 0, 0.02
0.00112318, 0.0233247, 0.00436681, 0, 0.02
0.00171477, 0.156592, 0.0139303, 0.00393035, 0.0239303
0.0026045, 0.0541355, 0.626264, 0.616264, 0.636264
0.00150521, 0.0604848, 0.623251, 0.613251, 0.633251
0.000988751, 0.137515, 0.0060423, 0, 0.02
0.000863777, 0.0720903, 0.282271, 0.272271, 0.292271
0.00110886, 0.124867, 0.0218281, 0.0118281, 0.0318281
0.000143191, 0.115935, 0.00436681, 0, 0.02
0.00145599, 0.166792, 0.00436681, 0, 0.02
0.000972269, 0.0112974, 0.00436681, 0, 0.02
0.000498431, 0.148559, 0.00436681, 0, 0.02
8.54319e-05, 0.113928, 0.00436681, 0, 0.02
0.00129285, 0.151409, 0.0060423, 0, 0.02
0.000191706, 0.152387, 0.00436681, 0, 0.02
0.00054729, 0.0425099, 0.179943, 0.169943, 0.189943
0.00242443, 0.0263241, 0.0561224, 0.0461224, 0.0661224
0.00285203, 0.197253, 0.008, 0, 0.02
0.00277477, 0.0546226, 0.601774, 0.591774, 0.611774
0.00197432, 0.0134534, 0.00436681, 0, 0.02
0.000972519, 0.0994567, 0.0858896, 0.0758896, 0.0958896
0.00101152, 0.1149, 0.0360515, 0.0260515, 0.0460515
0.00170775, 0.178572, 0.00436681, 0, 0.02
0.000132217, 0.0715374, 0.0114943, 0.00149425, 0.0214943
0.000960526, 0.178666, 0.00436681, 0, 0.02
0.00225849, 0.156008, 0.0251799, 0.0151799, 0.0351799
0.00121671, 0.146264, 0.0121413, 0.00214128, 0.0221413
0.00226301, 0.0705628, 0.441401, 0.431401, 0.451401
0.00164032, 0.0622424, 0.645629, 0.635629, 0.655629
0.000478739, 0.0572058, 0.186469, 0.176469, 0.196469
0.0028431, 0.136026, 0.0381959, 0.0281959, 0.0481959
0.0029981, 0.0543377, 0.578707, 0.568707, 0.588707
0.000558517, 0.0242887, 0.00436681, 0, 0.02
0.00270732, 0.0410515, 0.621596, 0.611596, 0.631596
0.0016539, 0.0334415, 0.170607, 0.160607, 0.180607
0.00284328, 0.175392, 0.00964187, 0, 0.02
0.000239263, 0.126285, 0.00436681, 0, 0.02
0.00291473, 0.135205, 0.0245399, 0.0145399, 0.0345399
0.00275679, 0.0485351, 0.681648, 0.671648, 0.691648
0.00261174, 0.124831, 0.0714286, 0.0614286, 0.0814286
0.00261784, 0.043628, 0.652593, 0.642593, 0.662593
0.002531, 0.0807365, 0.259683, 0.249683, 0.269683
0.00254721, 0.183069, 0.00918836, 0, 0.02
0.00101303, 0.0540398, 0.319395, 0.309395, 0.329395
0.000401108, 0.0326728, 0.140775, 0.130775, 0.150775
0.00265595, 0.0316938, 0.250682, 0.240682, 0.260682
0.00074884, 0.0265511, 0.00436681, 0, 0.02
0.000798458, 0.0985874, 0.0507472, 0.0407472, 0.0607472
0.000207279, 0.0416205, 0.175902, 0.165902, 0.185902
0.00276692, 0.162557, 0.0108043, 0.000804322, 0.0208043
0.00211741, 0.146228, 0.0339982, 0.0239982, 0.0439982
0.0025768, 0.180789, 0.0060423, 0, 0.02
0.00143091, 0.0201166, 0.00436681, 0, 0.02
0.00247137, 0.0357103, 0.411157, 0.401157, 0.421157
0.000973094, 0.0469176, 0.191754, 0.181754, 0.201754
0.00284684, 0.0727881, 0.276236, 0.266236, 0.286236
0.000261647, 0.127356, 0.00436681, 0, 0.02
0.00296069, 0.0533954, 0.599335, 0.589335, 0.609335
7.67745e-05, 0.0652584, 0.008, 0, 0.02
0.000939713, 0.0850471, 0.198694, 0.188694, 0.208694
0.00199597, 0.177094, 0.00436681, 0, 0.02
0.00151965, 0.166204, 0.00436681, 0, 0.02
0.00248155, 0.118156, 0.0961538, 0.0861538, 0.106154
0.000294703, 0.107396, 0.0060423, 0, 0.02
0.00278124, 0.152427, 0.0133607, 0.00336074, 0.0233607
0.00210217, 0.0143386, 0.00436681, 0, 0.02
0.00154097, 0.197827, 0.00436681, 0, 0.02
0.000757362, 0.0843085, 0.127472, 0.117472, 0.137472
0.00256918, 0.180776, 0.0060423, 0, 0.02
0.00273633, 0.0929124, 0.130429, 0.120429, 0.140429
0.00292583, 0.0552633, 0.562067, 0.552067, 0.572067
0.00107752, 0.169177, 0.00436681, 0, 0.02
0.00166135, 0.0663114, 0.625137, 0.615137, 0.635137
0.000851181, 0.0910874, 0.103694, 0.0936941, 0.113694
0.00261857, 0.145414, 0.0328022, 0.0228022, 0.0428022
0.00099939, 0.0323852, 0.0187354, 0.00873536, 0.0287354
0.00228222, 0.0971989, 0.204903, 0.194903, 0.214903
0.00148147, 0.00686001, 0.00436681, 0, 0.02
0.000789195, 0.00581675, 0.00436681, 0, 0.02
0.00268803, 0.0449653, 0.679895, 0.669895, 0.689895
0.000867318, 0.105828, 0.042191, 0.032191, 0.052191
0.000172945, 0.169949, 0.00436681, 0, 0.02
0.00241619, 0.0974165, 0.170607, 0.160607, 0.180607
0.00217682, 0.0194193, 0.00436681, 0, 0.02
0.00218144, 0.0118618, 0.00436681, 0, 0.02
0.000822749, 0.114741, 0.0191424, 0.00914242, 0.0291424
0.00101974, 0.130051, 0.0121413, 0.00214128, 0.0221413
0.000757984, 0.169745, 0.00436681, 0, 0.02
0.00211131, 0.0543639, 0.683961, 0.673961, 0.693961
0.0018267, 0.0209778, 0.00436681, 0, 0.02
0.00186923, 0.130905, 0.0775862, 0.0675862, 0.0875862
0.00183913, 0.143817, 0.0379902, 0.0279902, 0.0479902
0.000586301, 0.108804, 0.0060423, 0, 0.02
0.00298612, 0.190534, 0.00436681, 0, 0.02
0.000543841, 0.0118509, 0.00436681, 0, 0.02
0.00057117, 0.00915969, 0.00436681, 0, 0.02
0.00241838, 0.163013, 0.0121413, 0.00214128, 0.0221413
0.000832873, 0.0189943, 0.00436681, 0, 0.02
0.00048637, 0.173104, 0.00436681, 0, 0.02
0.00286974, 0.122319, 0.0510678, 0.0410678, 0.0610678
0.00186622, 0.0739632, 0.523507, 0.513507, 0.533507
0.00296914, 0.154053, 0.0121413, 0.00214128, 0.0221413
0.00257883, 0.159016, 0.0214681, 0.0114681, 0.0314681
0.00284451, 0.100555, 0.0857801, 0.0757801, 0.0957801
0.00128833, 0.0854743, 0.357972, 0.347972, 0.367972
0.00124866, 0.0135378, 0.00436681, 0, 0.02
0.00163057, 0.0811231, 0.482523, 0.472523, 0.492523
0.00143062, 0.159558, 0.0071599, 0, 0.02
0.00187675, 0.0817133, 0.429178, 0.419178, 0.439178
0.000568866, 0.1191, 0.008, 0, 0.02
0.000141854, 0.0869236, 0.00436681, 0, 0.02
0.00131149, 0.177877, 0.00436681, 0, 0.02
0.0023718, 0.0892017, 0.223063, 0.213063, 0.233063
0.000348179, 0.063518, 0.0802935, 0.0702935, 0.0902935
0.00092925, 0.0980142, 0.0835463, 0.0735463, 0.0935463
0.00192654, 0.0985596, 0.269175, 0.259175, 0.279175
0.00241832, 0.108619, 0.130012, 0.120012, 0.140012
0.00187187, 0.0778882, 0.476826, 0.466826, 0.486826
0.0025116, 0.0809031, 0.258049, 0.248049, 0.268049
0.000762504, 0.0687166, 0.259587, 0.249587, 0.269587
9.3104e-05, 0.0445465, 0.0867831, 0.0767831, 0.0967831
0.0024333, 0.0332061, 0.298004, 0.288004, 0.308004
0.00263428, 0.0200606, 0.00436681, 0, 0.02
0.00285607, 0.0176918, 0.00436681, 0, 0.02
0.00040189, 0.0205694, 0.012766, 0.00276596, 0.022766
0.000535521, 0.0262776, 0.008, 0, 0.02
0.00107716, 0.151955, 0.00436681, 0, 0.02
0.00126807, 0.172166, 0.00436681, 0, 0.02
0.000371699, 0.0508914, 0.179135, 0.169135, 0.189135
0.00087387, 0.0300347, 0.0114943, 0.00149425, 0.0214943
0.00129121, 0.0888936, 0.319301, 0.309301, 0.329301
0.00252598, 0.114256, 0.0957928, 0.0857928, 0.105793
0.000392863, 0.0796838, 0.0320728, 0.0220728, 0.0420728
0.000984287, 0.045874, 0.182113, 0.172113, 0.192113
0.00282665, 0.0321028, 0.275487, 0.265487, 0.285487
0.00147943, 0.00725347, 0.00436681, 0, 0.02
0.000599212, 0.0819399, 0.0735262, 0.0635262, 0.0835262
0.00113004, 0.172062, 0.00436681, 0, 0.02
8.48812e-05, 0.190697, 0.00436681, 0, 0.02
8.34056e-05, 0.0332177, 0.19434, 0.18434, 0.20434
0.00184365, 0.144957, 0.0295031, 0.0195031, 0.0395031
0.00254181, 0.141692, 0.0425844, 0.0325844, 0.0525844
0.00201897, 0.15944, 0.0144928, 0.00449275, 0.0244928
0.00208245, 0.0527488, 0.690826, 0.680826, 0.700826
0.00209166, 0.00606567, 0.00436681, 0, 0.02
0.00220518, 0.15499, 0.0214681, 0.0114681, 0.0314681
0.00187636, 0.050574, 0.669756, 0.659756, 0.679756
0.00180647, 0.0953622, 0.309174, 0.299174, 0.319174
0.00246958, 0.0986961, 0.155234, 0.145234, 0.165234
0.00265774, 0.00730339, 0.00436681, 0, 0.02
0.000686247, 0.0602456, 0.263852, 0.253852, 0.273852
0.00141813, 0.182309, 0.00436681, 0, 0.02
0.00295588, 0.0861342, 0.140829, 0.130829, 0.150829
0.00259996, 0.163505, 0.0139303, 0.00393035, 0.0239303
0.00122598, 0.136815, 0.0178862, 0.00788618, 0.0278862
0.00272022, 0.160971, 0.0221923, 0.0121923, 0.0321923
0.000898848, 0.176333, 0.00436681, 0, 0.02
0.000108136, 0.171813, 0.00436681, 0, 0.02
0.000979315, 0.112708, 0.0362628, 0.0262628, 0.0462628
0.0021152, 0.0462319, 0.659706, 0.649706, 0.669706
0.00254097, 0.0108656, 0.00436681, 0, 0.02
0.000224917, 0.0901699, 0.00436681, 0, 0.02
0.00249499, 0.191795, 0.00436681, 0, 0.02
0.000359997, 0.0585933, 0.119914, 0.109914, 0.129914
0.000368053, 0.0133351, 0.0071599, 0, 0.02
0.00161455, 0.132071, 0.0587116, 0.0487116, 0.0687116
0.00154168, 0.0137416, 0.00436681, 0, 0.02
0.000209231, 0.177245, 0.00436681, 0, 0.02
0.00280334, 0.124323, 0.0442478, 0.0342478, 0.0542478
0.00283354, 0.0866602, 0.148756, 0.138756, 0.158756
0.000421626, 0.00702089, 0.00436681, 0, 0.02
0.000944326, 0.0614789, 0.365946, 0.355946, 0.375946
0.00270572, 0.0627466, 0.45804, 0.44804, 0.46804
0.00118695, 0.171809, 0.00436681, 0, 0.02
0.000799113, 0.103249, 0.0344673, 0.0244673, 0.0444673
0.00234332, 0.103031, 0.157188, 0.147188, 0.167188
0.000707532, 0.151021, 0.00436681, 0, 0.02
0.00171719, 0.00685417, 0.00436681, 0, 0.02
0.00267545, 0.103005, 0.109009, 0.0990091, 0.119009
0.002509, 0.0154393, 0.00436681, 0, 0.02
0.0028588, 0.123899, 0.0462113, 0.0362113, 0.0562113
0.00279712, 0.103498, 0.0870882, 0.0770882, 0.0970882
0.00170203, 0.141296, 0.0318226, 0.0218226, 0.0418226
0.000342212, 0.0716547, 0.039239, 0.029239, 0.049239
0.00226942, 0.111511, 0.138027, 0.128027, 0.148027
0.000411588, 0.199828, 0.00436681, 0, 0.02
0.000333508, 0.113994, 0.00436681, 0, 0.02
0.000622527, 0.109527, 0.0100883, 8.82724e-05, 0.0200883
0.000449056, 0.103772, 0.00865052, 0, 0.02
0.00173123, 0.171829, 0.00436681, 0, 0.02
0.00194441, 0.0320014, 0.180856, 0.170856, 0.190856
0.000788957, 0.148828, 0.00436681, 0, 0.02
0.00118963, 0.127139, 0.0318226, 0.0218226, 0.0418226
0.000615174, 0.111521, 0.00436681, 0, 0.02
0.000893474, 0.141063, 0.0060423, 0, 0.02
0.00226798, 0.151765, 0.0320728, 0.0220728, 0.0420728
0.00087912, 0.184071, 0.00436681, 0, 0.02
0.00161702, 0.198375, 0.00436681, 0, 0.02
7.73444e-05, 0.173227, 0.00436681, 0, 0.02
0.00185851, 0.123005, 0.107103, 0.0971035, 0.117103
0.00162363, 0.0657521, 0.631992, 0.621992, 0.641992
0.000447025, 0.169894, 0.00436681, 0, 0.02
0.000541429, 0.115554, 0.0071599, 0, 0.02
0.000483596, 0.0273952, 0.0248636, 0.0148636, 0.0348636
0.000933148, 0.0828488, 0.220468, 0.210468, 0.230468
0.00280953, 0.0217975, 0.0071599, 0, 0.02
0.000486523, 0.041731, 0.19571, 0.18571, 0.20571
0.00189502, 0.179834, 0.00865052, 0, 0.02
0.00248014, 0.0902224, 0.199074, 0.189074, 0.209074
0.000829116, 0.171576, 0.00436681, 0, 0.02
0.00289429, 0.184676, 0.00436681, 0, 0.02
0.000396747, 0.0337834, 0.155497, 0.145497, 0.165497
0.000220189, 0.0346464, 0.22893, 0.21893, 0.23893
0.000188739, 0.0917662, 0.0060423, 0, 0.02
0.00119548, 0.0144807, 0.00436681, 0, 0.02
0.00168343, 0.108389, 0.194123, 0.184123, 0.204123
0.00225781, 0.0387768, 0.488991, 0.478991, 0.498991
0.000801345, 0.154439, 0.00436681, 0, 0.02
0.00126512, 0.13603, 0.0203341, 0.0103341, 0.0303341
0.00138241, 0.141004, 0.0199557, 0.00995565, 0.0299557
0.000847082, 0.090255, 0.113653, 0.103653, 0.123653
0.00124697, 0.0984121, 0.197777, 0.187777, 0.207777
0.00105837, 0.0731007, 0.383551, 0.373551, 0.393551
0.00266767, 0.0371877, 0.493547, 0.483547, 0.503547
0.00287801, 0.0656937, 0.375972, 0.365972, 0.385972
0.00274696, 0.0356403, 0.42373, 0.41373, 0.43373
0.000276449, 0.132788, 0.00436681, 0, 0.02
0.00147115, 0.188497, 0.00436681, 0, 0.02
0.0001615, 0.165114, 0.00436681, 0, 0.02
0.00223708, 0.191105, 0.00436681, 0, 0.02
0.00119851, 0.0964731, 0.200845, 0.190845, 0.210845
0.0003742, 0.152261, 0.00436681, 0, 0.02
0.00131406, 0.142759, 0.012766, 0.00276596, 0.022766
0.00210512, 0.118118, 0.126887, 0.116887, 0.136887
0.00211611, 0.00502109, 0.00436681, 0, 0.02
0.000763457, 0.00735065, 0.00436681, 0, 0.02
0.00181722, 0.183835, 0.00436681, 0, 0.02
0.000774242, 0.146395, 0.00436681, 0, 0.02
0.000177207, 0.145194, 0.00436681, 0, 0.02
0.00194058, 0.141086, 0.0486224, 0.0386224, 0.0586224
0.00126183, 0.137821, 0.0169779, 0.00697793, 0.0269779
0.00196688, 0.109736, 0.177998, 0.167998, 0.187998
0.000790713, 0.132036, 0.0060423, 0, 0.02
0.00293686, 0.172882, 0.00865052, 0, 0.02
0.00140936, 0.0294204, 0.0335324, 0.0235324, 0.0435324
0.0023246, 0.057654, 0.624518, 0.614518, 0.634518
0.00286735, 0.00785758, 0.00436681, 0, 0.02
0.00166576, 0.132829, 0.0499368, 0.0399368, 0.0599368
0.000820354, 0.129225, 0.00436681, 0, 0.02
0.001523, 0.124835, 0.0721348, 0.0621348, 0.0821348
0.000625123, 0.122518, 0.00436681, 0, 0.02
0.00283084, 0.148202, 0.0251799, 0.0151799, 0.0351799
0.00212079, 0.0510797, 0.691541, 0.681541, 0.701541
0.00236469, 0.0610877, 0.557592, 0.547592, 0.567592
0.00156748, 0.0202839, 0.00436681, 0, 0.02
0.00257272, 0.0991629, 0.129575, 0.119575, 0.139575
0.00219142, 0.148599, 0.0371452, 0.0271452, 0.0471452
0.00107165, 0.149996, 0.0071599, 0, 0.02
0.00261633, 0.181647, 0.0108043, 0.000804322, 0.0208043
0.00074081, 0.00568712, 0.00436681, 0, 0.02
0.000672528, 0.0431371, 0.136236, 0.126236, 0.146236
0.00240813, 0.0621356, 0.530747, 0.520747, 0.540747
0.00185846, 0.151206, 0.0174419, 0.00744186, 0.0274419
0.000468146, 0.194535, 0.00436681, 0, 0.02
0.00282971, 0.0204916, 0.00436681, 0, 0.02
0.0019681, 0.0189904, 0.00436681, 0, 0.02
0.00173296, 0.19573, 0.0060423, 0, 0.02
0.00142294, 0.10657, 0.167028, 0.157028, 0.177028
0.000841313, 0.0639939, 0.313537, 0.303537, 0.323537
0.000184044, 0.1583, 0.00436681, 0, 0.02
0.000195657, 0.0408653, 0.177702, 0.167702, 0.187702
0.000132762, 0.114503, 0.00436681, 0, 0.02
0.00274781, 0.154612, 0.0245399, 0.0145399, 0.0345399
0.00206934, 0.154498, 0.0261021, 0.0161021, 0.0361021
0.000100786, 0.0539011, 0.0463935, 0.0363935, 0.0563935
0.00144482, 0.00655138, 0.00436681, 0, 0.02
0.00275775, 0.127941, 0.0499368, 0.0399368, 0.0599368
0.001374, 0.0677515, 0.558095, 0.548095, 0.568095
0.00292545, 0.162971, 0.012766, 0.00276596, 0.022766
0.00050628, 0.0239118, 0.0100883, 8.82724e-05, 0.0200883
0.00197097, 0.0535806, 0.687724, 0.677724, 0.697724
0.00211302, 0.105373, 0.187432, 0.177432, 0.197432
0.00160083, 0.144173, 0.0272829, 0.0172829, 0.0372829
0.000662794, 0.161593, 0.00436681, 0, 0.02
0.00182608, 0.0803334, 0.463446, 0.453446, 0.473446
0.00276801, 0.0733155, 0.280087, 0.270087, 0.290087
0.00256031, 0.0240637, 0.0218281, 0.0118281, 0.0318281
0.000858111, 0.121441, 0.008, 0, 0.02
0.000444417, 0.18933, 0.00436681, 0, 0.02
0.00118326, 0.0147199, 0.00436681, 0, 0.02
5.16632e-05, 0.156196, 0.00436681, 0, 0.02
0.00271684, 0.0312852, 0.235933, 0.225933, 0.245933
0.00188027, 0.180718, 0.00436681, 0, 0.02
0.00259247, 0.0829743, 0.223467, 0.213467, 0.233467
0.0019027, 0.14229, 0.0406442, 0.0306442, 0.0506442
0.0022449, 0.164689, 0.0207291, 0.0107291, 0.0307291
0.00030004, 0.153397, 0.00436681, 0, 0.02
0.00261464, 0.19628, 0.00436681, 0, 0.02
0.00146815, 0.0808882, 0.46047, 0.45047, 0.47047
0.0014464, 0.0618795, 0.600779, 0.590779, 0.610779
0.00241001, 0.106915, 0.137409, 0.127409, 0.147409
0.000948774, 0.146247, 0.00436681, 0, 0.02
0.00233757, 0.140319, 0.0550909, 0.0450909, 0.0650909
0.000199795, 0.176799, 0.00436681, 0, 0.02
0.00129224, 0.0106451, 0.00436681, 0, 0.02
0.00108992, 0.10157, 0.114286, 0.104286, 0.124286
0.00282746, 0.0262868, 0.0558246, 0.0458246, 0.0658246
0.000228311, 0.164337, 0.00436681, 0, 0.02
0.000802451, 0.162669, 0.00436681, 0, 0.02
0.00138318, 0.0770624, 0.494543, 0.484543, 0.504543
0.000426712, 0.150814, 0.00436681, 0, 0.02
0.00139005, 0.128925, 0.0425844, 0.0325844, 0.0525844
0.00270892, 0.0933323, 0.138917, 0.128917, 0.148917
0.000770225, 0.169726, 0.00436681, 0, 0.02
0.00207861, 0.0716018, 0.485366, 0.475366, 0.495366
0.000653054, 0.108752, 0.0178862, 0.00788618, 0.0278862
0.00240596, 0.144331, 0.0440654, 0.0340654, 0.0540654
0.00294061, 0.134753, 0.0272829, 0.0172829, 0.0372829
0.00168154, 0.160568, 0.00918836, 0, 0.02
0.00124912, 0.105296, 0.130302, 0.120302, 0.140302
0.00254639, 0.0136443, 0.00436681, 0, 0.02
0.00269898, 0.154222, 0.0155251, 0.00552511, 0.0255251
0.0018329, 0.0262639, 0.0218281, 0.0118281, 0.0318281
0.00166108, 0.152117, 0.021097, 0.011097, 0.031097
0.000808001, 0.0211069, 0.00436681, 0, 0.02
0.00123798, 0.128417, 0.0225315, 0.0125315, 0.0325315
0.00259775, 0.0145239, 0.00436681, 0, 0.02
0.000631083, 0.155443, 0.00436681, 0, 0.02
0.000969458, 0.0777686, 0.28662, 0.27662, 0.29662
0.00223118, 0.0302166, 0.151593, 0.141593, 0.161593
0.00131249, 0.17965, 0.0060423, 0, 0.02
0.00242007, 0.125048, 0.0849787, 0.0749787, 0.0949787
0.000602817, 0.00513236, 0.00436681, 0, 0.02
0.00064226, 0.056057, 0.251262, 0.241262, 0.261262
0.000563939, 0.199388, 0.00436681, 0, 0.02
0.000475112, 0.0625352, 0.150177, 0.140177, 0.160177
0.00235103, 0.0925361, 0.210345, 0.200345, 0.220345
0.00104726, 0.12788, 0.0139303, 0.00393035, 0.0239303
0.00244014, 0.154017, 0.0308151, 0.0208151, 0.0408151
0.000789255, 0.11893, 0.0121413, 0.00214128, 0.0221413
0.000135331, 0.0273699, 0.252694, 0.242694, 0.262694
0.00290724, 0.00801979, 0.00436681, 0, 0.02
0.00154208, 0.124117, 0.0797621, 0.0697621, 0.0897621
0.00237614, 0.192786, 0.00436681, 0, 0.02
0.000334856, 0.186232, 0.00436681, 0, 0.02
0.00117966, 0.0647243, 0.479041, 0.469041, 0.489041
0.00215067, 0.139926, 0.0520231, 0.0420231, 0.0620231
0.00295259, 0.156518, 0.0165074, 0.00650738, 0.0265074
0.000980893, 0.140943, 0.00436681, 0, 0.02
0.00105739, 0.182149, 0.00436681, 0, 0.02
0.00216957, 0.0725522, 0.452233, 0.442233, 0.462233
0.00286152, 0.154459, 0.0139303, 0.00393035, 0.0239303
0.00177019, 0.10462, 0.229477, 0.219477, 0.239477
0.00147709, 0.185176, 0.00436681, 0, 0.02
0.000419193, 0.113224, 0.00436681, 0, 0.02
0.000840602, 0.116599, 0.0150235, 0.00502347, 0.0250235
0.000729491, 0.132234, 0.00436681, 0, 0.02
0.00257876, 0.183022, 0.00964187, 0, 0.02
0.00271788, 0.19486, 0.00436681, 0, 0.02
0.00290096, 0.08035, 0.187097, 0.177097, 0.197097
0.00187369, 0.11275, 0.166304, 0.156304, 0.176304
0.00152148, 0.0934313, 0.329307, 0.319307, 0.339307
0.00133075, 0.0365045, 0.149461, 0.139461, 0.159461
0.00213357, 0.0502343, 0.690679, 0.680679, 0.700679
0.00234638, 0.176005, 0.0133607, 0.00336074, 0.0233607
0.00295213, 0.0526227, 0.617564, 0.607564, 0.627564
0.000147581, 0.0308586, 0.248689, 0.238689, 0.258689
0.000987452, 0.0147495, 0.00436681, 0, 0.02
0.00204768, 0.160626, 0.0144928, 0.00449275, 0.0244928
0.000418369, 0.157771, 0.00436681, 0, 0.02
0.00104421, 0.191483, 0.0060423, 0, 0.02
0.00159364, 0.0144757, 0.00436681, 0, 0.02
0.000819269, 0.118032, 0.0178862, 0.00788618, 0.0278862
0.00199955, 0.14821, 0.0323194, 0.0223194, 0.0423194
0.00109327, 0.126352, 0.0183121, 0.0083121, 0.0283121
0.00263315, 0.178295, 0.00436681, 0, 0.02
0.00231637, 0.149691, 0.0228758, 0.0128758, 0.0328758
0.00122399, 0.151074, 0.0060423, 0, 0.02
0.00148472, 0.112204, 0.140901, 0.130901, 0.150901
0.00138623, 0.0790955, 0.468216, 0.458216, 0.478216
0.00122055, 0.190201, 0.00436681, 0, 0.02
0.000703475, 0.145071, 0.00436681, 0, 0.02
0.00170577, 0.13412, 0.0482871, 0.0382871, 0.0582871
0.00157401, 0.14321, 0.028403, 0.018403, 0.038403
0.00293975, 0.0321906, 0.290851, 0.280851, 0.300851
0.000694513, 0.00905169, 0.00436681, 0, 0.02
0.00115888, 0.172707, 0.00436681, 0, 0.02
0.00263652, 0.144988, 0.0346975, 0.0246975, 0.0446975
0.00264603, 0.179551, 0.0071599, 0, 0.02
0.00282966, 0.103832, 0.0784599, 0.0684599, 0.0884599
0.00207323, 0.136474, 0.0607895, 0.0507895, 0.0707895
0.000466855, 0.111065, 0.00436681, 0, 0.02
0.00272846, 0.115248, 0.0716708, 0.0616708, 0.0816708
0.000352879, 0.017323, 0.00918836, 0, 0.02
0.0010087, 0.170728, 0.00436681, 0, 0.02
0.0022433, 0.0672603, 0.498101, 0.488101, 0.508101
0.00282527, 0.0702868, 0.309272, 0.299272, 0.319272
0.00217359, 0.0600984, 0.624438, 0.614438, 0.634438
0.000364684, 0.0512814, 0.177817, 0.167817, 0.187817
0.00164027, 0.134314, 0.0456888, 0.0356888, 0.0556888
0.0016333, 0.108752, 0.18843, 0.17843, 0.19843
0.00259618, 0.102284, 0.122119, 0.112119, 0.132119
0.000820618, 0.167763, 0.00436681, 0, 0.02
0.00154526, 0.14933, 0.0178862, 0.00788618, 0.0278862
0.00199132, 0.00997943, 0.00436681, 0, 0.02
8.74568e-05, 0.0599384, 0.0139303, 0.00393035, 0.0239303
0.00191346, 0.0469764, 0.644667, 0.634667, 0.654667
0.00106458, 0.137916, 0.00964187, 0, 0.02
0.00285149, 0.186876, 0.008, 0, 0.02
0.00234413, 0.105425, 0.155111, 0.145111, 0.165111
0.00221792, 0.0885058, 0.273912, 0.263912, 0.283912
0.00252623, 0.138202, 0.0435095, 0.0335095, 0.0535095
0.00203829, 0.119755, 0.127021, 0.117021, 0.137021
0.000869347, 0.117435, 0.0187354, 0.00873536, 0.0287354
0.00236088, 0.108632, 0.13797, 0.12797, 0.14797
0.000317679, 0.121622, 0.00436681, 0, 0.02
0.00247607, 0.0256096, 0.0390283, 0.0290283, 0.0490283
0.00184113, 0.054974, 0.680794, 0.670794, 0.690794
0.00133664, 0.193957, 0.00436681, 0, 0.02
0.00107546, 0.104146, 0.0912886, 0.0812886, 0.101289
0.00243201, 0.17129, 0.0121413, 0.00214128, 0.0221413
0.000184902, 0.163595, 0.00436681, 0, 0.02
0.000555414, 0.0419019, 0.168708, 0.158708, 0.178708
0.000301404, 0.150537, 0.00436681, 0, 0.02
0.00190667, 0.168384, 0.00964187, 0, 0.02
0.00169619, 0.0907377, 0.360743, 0.350743, 0.370743
0.000469367, 0.0841364, 0.0292276, 0.0192276, 0.0392276
0.00183111, 0.116547, 0.139137, 0.129137, 0.149137
0.00180556, 0.103175, 0.238806, 0.228806, 0.248806
0.000987625, 0.102645, 0.0761334, 0.0661334, 0.0861334
0.00263308, 0.0559074, 0.59648, 0.58648, 0.60648
0.00231955, 0.0537082, 0.669027, 0.659027, 0.679027
0.0028617, 0.0500706, 0.65305, 0.64305, 0.66305
0.00239177, 0.0944862, 0.196352, 0.186352, 0.206352
0.00166021, 0.0361583, 0.252456, 0.242456, 0.262456
0.00109445, 0.133887, 0.0060423, 0, 0.02
0.00285232, 0.0608483, 0.458255, 0.448255, 0.468255
0.00117632, 0.146956, 0.008, 0, 0.02
0.00284264, 0.0367787, 0.492944, 0.482944, 0.502944
0.00125087, 0.0363955, 0.117673, 0.107673, 0.127673
8.17226e-05, 0.145166, 0.00436681, 0, 0.02
0.000215838, 0.0345993, 0.226561, 0.216561, 0.236561
0.00189138, 0.190358, 0.00436681, 0, 0.02
0.00156559, 0.141941, 0.0174419, 0.00744186, 0.0274419
0.000609035, 0.122146, 0.00436681, 0, 0.02
0.000709506, 0.0596006, 0.271564, 0.261564, 0.281564
0.00130593, 0.192322, 0.00436681, 0, 0.02
0.000525724, 0.0264072, 0.00918836, 0, 0.02
0.00231446, 0.0224265, 0.0114943, 0.00149425, 0.0214943
0.0011726, 0.0911184, 0.249336, 0.239336, 0.259336
0.00205287, 0.162771, 0.0235669, 0.0135669, 0.0335669
0.000402461, 0.113587, 0.00436681, 0, 0.02
0.000889021, 0.194329, 0.00436681, 0, 0.02
0.000668617, 0.0180095, 0.00436681, 0, 0.02
0.00193887, 0.142029, 0.0433213, 0.0333213, 0.0533213
0.000620331, 0.192223, 0.00436681, 0, 0.02
0.000812064, 0.0609248, 0.312083, 0.302083, 0.322083
0.00258666, 0.123642, 0.061738, 0.051738, 0.071738
0.000149658, 0.128563, 0.00436681, 0, 0.02
0.000598158, 0.12879, 0.00436681, 0, 0.02
0.00261694, 0.172464, 0.0114943, 0.00149425, 0.0214943
0.00137624, 0.0157382, 0.00436681, 0, 0.02
0.00176103, 0.015548, 0.00436681, 0, 0.02
0.00285941, 0.149348, 0.0228758, 0.0128758, 0.0328758
0.00276923, 0.134243, 0.0360515, 0.0260515, 0.0460515
0.00181692, 0.196297, 0.00436681, 0, 0.02
0.00065827, 0.0123997, 0.00436681, 0, 0.02
0.000516121, 0.0119776, 0.00436681, 0, 0.02
0.00198767, 0.164422, 0.00865052, 0, 0.02
0.000181799, 0.12878, 0.00436681, 0, 0.02
0.000195588, 0.0124196, 0.0351494, 0.0251494, 0.0451494
0.000532891, 0.0995104, 0.0160285, 0.0060285, 0.0260285
0.000892654, 0.14015, 0.0060423, 0, 0.02
0.000383761, 0.0301172, 0.115707, 0.105707, 0.125707
0.00105379, 0.129853, 0.00436681, 0, 0.02
0.00220287, 0.0627317, 0.578671, 0.568671, 0.588671
0.00278428, 0.12125, 0.0569992, 0.0469992, 0.0669992
0.000776297, 0.0690912, 0.249336, 0.239336, 0.259336
0.0019753, 0.134711, 0.063198, 0.053198, 0.073198
0.0018853, 0.124296, 0.104552, 0.094552, 0.114552
0.00273859, 0.08676, 0.173497, 0.163497, 0.183497
0.00276899, 0.188246, 0.00436681, 0, 0.02
0.00134945, 0.126697, 0.042956, 0.032956, 0.052956
0.00238425, 0.0499933, 0.683459, 0.673459, 0.693459
0.00189825, 0.0434953, 0.571754, 0.561754, 0.581754
0.00221402, 0.155082, 0.0257913, 0.0157913, 0.0357913
0.0015666, 0.0505004, 0.589782, 0.579782, 0.599782
0.00172625, 0.0102329, 0.00436681, 0, 0.02
0.00233585, 0.124403, 0.0939324, 0.0839324, 0.103932
0.000545913, 0.0213249, 0.00436681, 0, 0.02
0.000936574, 0.0837054, 0.205918, 0.195918, 0.215918
0.000419468, 0.0613104, 0.126736, 0.116736, 0.136736
0.00177059, 0.126492, 0.087195, 0.077195, 0.097195
0.00238653, 0.042371, 0.623699, 0.613699, 0.633699
0.000939063, 0.0964397, 0.106595, 0.096595, 0.116595
0.00175002, 0.133998, 0.0507472, 0.0407472, 0.0607472
0.00125434, 0.185875, 0.00436681, 0, 0.02
0.000868766, 0.0234297, 0.00436681, 0, 0.02
0.000232975, 0.168492, 0.00436681, 0, 0.02
0.0017364, 0.174007, 0.00865052, 0, 0.02
0.00269134, 0.0607686, 0.498945, 0.488945, 0.508945
0.000882817, 0.0405853, 0.0785699, 0.0685699, 0.0885699
0.00209505, 0.0222, 0.0060423, 0, 0.02
0.00161419, 0.0750499, 0.542914, 0.532914, 0.552914
0.000707556, 0.0463934, 0.172388, 0.162388, 0.182388
0.00129166, 0.190316, 0.00436681, 0, 0.02
0.00201068, 0.0988323, 0.253327, 0.243327, 0.263327
0.000966332, 0.0432922, 0.131877, 0.121877, 0.141877
0.000529022, 0.16588, 0.00436681, 0, 0.02
0.00256622, 0.137873, 0.0463935, 0.0363935, 0.0563935
0.00274682, 0.0725456, 0.304209, 0.294209, 0.314209
0.00224303, 0.149334, 0.0384149, 0.0284149, 0.0484149
0.00202679, 0.158352, 0.0144928, 0.00449275, 0.0244928
0.00281162, 0.0472238, 0.682884, 0.672884, 0.692884
0.00202507, 0.00518803, 0.00436681, 0, 0.02
0.000267463, 0.0884639, 0.00436681, 0, 0.02
0.00288728, 0.0411427, 0.617628, 0.607628, 0.627628
0.00143424, 0.166957, 0.0071599, 0, 0.02
0.000109302, 0.130177, 0.00436681, 0, 0.02
0.000307346, 0.198203, 0.00436681, 0, 0.02
0.0014903, 0.0920125, 0.340604, 0.330604, 0.350604
0.000635632, 0.130473, 0.0060423, 0, 0.02
0.00139904, 0.112354, 0.124879, 0.114879, 0.134879
0.00151261, 0.195239, 0.00436681, 0, 0.02
0.00180225, 0.11987, 0.129218, 0.119218, 0.139218
0.000966368, 0.172477, 0.00436681, 0, 0.02
0.00102582, 0.13629, 0.0108043, 0.000804322, 0.0208043
0.000849268, 0.110443, 0.0367089, 0.0267089, 0.0467089
0.00288369, 0.154025, 0.0214681, 0.0114681, 0.0314681
0.00287899, 0.186066, 0.00865052, 0, 0.02
0.000807694, 0.168156, 0.00436681, 0, 0.02
0.00297318, 0.0768963, 0.204484, 0.194484, 0.214484
0.000209137, 0.113838, 0.00436681, 0, 0.02
0.00188968, 0.179499, 0.00964187, 0, 0.02
0.000883988, 0.0342173, 0.0235669, 0.0135669, 0.0335669
0.000615075, 0.127973, 0.0071599, 0, 0.02
0.00252356, 0.0813897, 0.247675, 0.237675, 0.257675
0.00174269, 0.164534, 0.0108043, 0.000804322, 0.0208043
0.00270265, 0.0705261, 0.327447, 0.317447, 0.337447
0.00157449, 0.130529, 0.0534125, 0.0434125, 0.0634125
0.00106265, 0.145326, 0.00436681, 0, 0.02
0.000540243, 0.117061, 0.0071599, 0, 0.02
0.00013683, 0.114698, 0.00436681, 0, 0.02
0.00265354, 0.0522288, 0.649884, 0.639884, 0.659884
0.000448778, 0.0341717, 0.121126, 0.111126, 0.131126
0.00203825, 0.0484529, 0.682837, 0.672837, 0.692837
0.00270957, 0.0457829, 0.682742, 0.672742, 0.692742
0.000924044, 0.179927, 0.00436681, 0, 0.02
0.00290997, 0.0112793, 0.00436681, 0, 0.02
6.56512e-05, 0.153308, 0.00436681, 0, 0.02
0.000292865, 0.0361424, 0.235452, 0.225452, 0.245452
0.00281779, 0.0845014, 0.1678, 0.1578, 0.1778
0.00273098, 0.0363905, 0.466016, 0.456016, 0.476016
0.00103785, 0.0530534, 0.321471, 0.311471, 0.331471
0.00067667, 0.0789737, 0.130941, 0.120941, 0.140941
0.00138501, 0.0574338, 0.552149, 0.542149, 0.562149
0.00243238, 0.159556, 0.0225315, 0.0125315, 0.0325315
0.00034032, 0.0708859, 0.0440654, 0.0340654, 0.0540654
0.00195006, 0.136028, 0.0544872, 0.0444872, 0.0644872
0.0018117, 0.160706, 0.0071599, 0, 0.02
0.0017395, 0.0122402, 0.00436681, 0, 0.02
0.00232299, 0.0848187, 0.266964, 0.256964, 0.276964
0.00249844, 0.0652198, 0.459979, 0.449979, 0.469979
0.00250418, 0.0506359, 0.67689, 0.66689, 0.68689
0.00277574, 0.0546518, 0.593639, 0.583639, 0.603639
0.00220727, 0.0345964, 0.318567, 0.308567, 0.328567
0.00194816, 0.0422595, 0.544057, 0.534057, 0.554057
0.00293754, 0.153291, 0.0218281, 0.0118281, 0.0318281
0.000430585, 0.120461, 0.00436681, 0, 0.02
0.00234199, 0.0490552, 0.683148, 0.673148, 0.693148
0.00239528, 0.185129, 0.00918836, 0, 0.02
5.55294e-05, 0.072158, 0.00436681, 0, 0.02
0.00246183, 0.0725541, 0.365633, 0.355633, 0.375633
0.000624789, 0.134682, 0.00436681, 0, 0.02
0.00219271, 0.182296, 0.0060423, 0, 0.02
0.00256419, 0.0632795, 0.483945, 0.473945, 0.493945
0.00129668, 0.0187514, 0.00436681, 0, 0.02
0.00286907, 0.120437, 0.0543383, 0.0443383, 0.0643383
0.00116893, 0.165929, 0.00436681, 0, 0.02
0.000835931, 0.192907, 0.00436681, 0, 0.02
0.00114912, 0.0402881, 0.15288, 0.14288, 0.16288
0.00243717, 0.034729, 0.365067, 0.355067, 0.375067
0.000439453, 0.168551, 0.00436681, 0, 0.02
0.00245131, 0.160217, 0.0245399, 0.0145399, 0.0345399
0.00228816, 0.0140224, 0.00436681, 0, 0.02
0.000178313, 0.0813346, 0.008, 0, 0.02
0.0015884, 0.155488, 0.012766, 0.00276596, 0.022766
0.00087965, 0.144492, 0.0060423, 0, 0.02
0.00225099, 0.0923917, 0.241061, 0.231061, 0.251061
