theta_0, theta_1, prob_hat,prob_lb, prob_ub,
0.00165904, 0.0195521, 0, -0.00150524, 0.00748285
0.000435292, 0.108283, 0.00113701, -0.00100281, 0.00866419
0.00112969, 0.0929631, 0.198807, 0.189293, 0.208633
0.00181832, 0.187517, 0.00113701, -0.00100281, 0.00866419
0.00142293, 0.00904976, 0, -0.00150524, 0.00748285
0.000794571, 0.0501962, 0.216102, 0.206277, 0.226221
0.00109585, 0.133771, 0.0100551, 0.00524086, 0.0178952
0.00141988, 0.11852, 0.0887878, 0.0809901, 0.0971706
0.00267299, 0.0368498, 0.481106, 0.469013, 0.493218
0.00111664, 0.10097, 0.130442, 0.122397, 0.138877
0.00101864, 0.163856, 0, -0.00150524, 0.00748285
0.000479728, 0.112908, 0.00210084, -0.000496529, 0.00966772
0.00196292, 0.194536, 0.00210084, -0.000496529, 0.00966772
0.00226511, 0.18564, 0.00334608, 0.000245155, 0.0109606
0.00258443, 0.18119, 0.00477223, 0.00118824, 0.0124427
0.00171324, 0.158721, 0.00960901, 0.00487473, 0.0174369
0.00156025, 0.046196, 0.506967, 0.494853, 0.519073
0.0022874, 0.195567, 0.00477223, 0.00118824, 0.0124427
0.00241008, 0.124158, 0.0838856, 0.0761305, 0.0922598
0.00173359, 0.176823, 0.00295276, 1.06468e-06, 0.0105544
0.000587047, 0.0991235, 0.0134341, 0.00810793, 0.0213542
0.000225746, 0.136776, 0, -0.00150524, 0.00748285
0.000954829, 0.148427, 0.00210084, -0.000496529, 0.00966772
0.000786302, 0.143205, 0.000595948, -0.00125571, 0.00809968
0.00148737, 0.14236, 0.0187153, 0.0128189, 0.026731
0.000521992, 0.0765056, 0.0726813, 0.0650428, 0.0810312
0.00203664, 0.057843, 0.666251, 0.654742, 0.677588
0.00199516, 0.020883, 0, -0.00150524, 0.00748285
0.00160613, 0.0978817, 0.288533, 0.277667, 0.299619
0.00294909, 0.0161813, 0, -0.00150524, 0.00748285
0.00238525, 0.0178383, 0, -0.00150524, 0.00748285
0.000865763, 0.175788, 0, -0.00150524, 0.00748285
0.0021508, 0.118428, 0.121394, 0.11339, 0.129821
0.00225166, 0.150066, 0.0305918, 0.0239331, 0.0387467
0.00135197, 0.0526022, 0.499593, 0.487482, 0.511705
0.000679885, 0.0183985, 0, -0.00150524, 0.00748285
0.00196422, 0.133642, 0.0678029, 0.0602255, 0.07614
0.000129778, 0.151577, 0, -0.00150524, 0.00748285
0.000399329, 0.166493, 0, -0.00150524, 0.00748285
0.00234561, 0.156549, 0.0281565, 0.0216172, 0.0362891
0.000415433, 0.0472278, 0.224451, 0.214485, 0.234702
0.00154717, 0.0102303, 0, -0.00150524, 0.00748285
0.000494948, 0.00921664, 0, -0.00150524, 0.00748285
0.002967, 0.166407, 0.0143205, 0.00888253, 0.0222583
0.000152671, 0.164379, 0, -0.00150524, 0.00748285
0.00104814, 0.112998, 0.0461805, 0.0389944, 0.0544384
0.000540614, 0.0355877, 0.0854839, 0.0777146, 0.0938607
0.00157903, 0.183789, 0, -0.00150524, 0.00748285
0.00132908, 0.0598905, 0.549417, 0.53734, 0.561443
0.00219287, 0.00806838, 0, -0.00150524, 0.00748285
0.00281254, 0.05836, 0.528273, 0.516167, 0.54035
0.000635883, 0.188044, 0, -0.00150524, 0.00748285
0.00212581, 0.0857626, 0.328111, 0.316826, 0.339573
0.00171063, 0.0929501, 0.347465, 0.33601, 0.359079
0.00154971, 0.115875, 0.123458, 0.115444, 0.131887
0.000810815, 0.174533, 0, -0.00150524, 0.00748285
0.00182636, 0.0594103, 0.666468, 0.654961, 0.677803
0.002771, 0.00597466, 0, -0.00150524, 0.00748285
0.00112662, 0.122146, 0.0261048, 0.0196777, 0.0342165
0.00139674, 0.0552937, 0.548224, 0.536145, 0.560254
0.00195409, 0.106079, 0.208946, 0.199246, 0.218946
0.00173098, 0.104343, 0.235511, 0.225368, 0.245928
0.00119284, 0.0873009, 0.294822, 0.283883, 0.305974
0.00219901, 0.0609689, 0.60103, 0.589116, 0.612839
0.000387773, 0.132123, 0.000595948, -0.00125571, 0.00809968
0.00197383, 0.116287, 0.143833, 0.135513, 0.152522
0.0029205, 0.0175175, 0, -0.00150524, 0.00748285
0.000604173, 0.19286, 0, -0.00150524, 0.00748285
0.00134895, 0.158237, 0.00408719, 0.0007236, 0.0117335
0.00158385, 0.0753042, 0.535592, 0.523493, 0.547654
0.000474607, 0.117382, 0.00113701, -0.00100281, 0.00866419
0.00145957, 0.156069, 0.0068781, 0.00271826, 0.0146237
0.000161706, 0.0368594, 0.198374, 0.188868, 0.208192
0.00012674, 0.124092, 0, -0.00150524, 0.00748285
0.000814847, 0.0661573, 0.293901, 0.282972, 0.305043
0.00151227, 0.162548, 0.00253807, -0.000246273, 0.010122
0.00220234, 0.0217238, 0.00408719, 0.0007236, 0.0117335
0.000388888, 0.134716, 0, -0.00150524, 0.00748285
0.00141098, 0.151831, 0.00715092, 0.0029259, 0.014906
0.00100541, 0.0155759, 0, -0.00150524, 0.00748285
0.00283419, 0.102474, 0.0842784, 0.0765196, 0.0926534
0.0026103, 0.160271, 0.0194219, 0.0134638, 0.0274483
0.00148068, 0.0819048, 0.458552, 0.446504, 0.470643
0.00276781, 0.012341, 0, -0.00150524, 0.00748285
0.00294431, 0.0605679, 0.454053, 0.442016, 0.466136
0.000295118, 0.160608, 0, -0.00150524, 0.00748285
0.00294532, 0.197294, 0.00443656, 0.000957788, 0.0120967
0.000152497, 0.198536, 0, -0.00150524, 0.00748285
0.00262029, 0.163376, 0.0150039, 0.00948467, 0.0229554
0.0021987, 0.10474, 0.181892, 0.17271, 0.191404
0.000682519, 0.114341, 0.00983284, 0.00505826, 0.0176663
0.00250392, 0.0302196, 0.173218, 0.164217, 0.182557
0.000514755, 0.168731, 0, -0.00150524, 0.00748285
0.00163844, 0.0702888, 0.587693, 0.575724, 0.599571
0.000471425, 0.125258, 0.00163577, -0.00074906, 0.00918362
0.00185232, 0.135238, 0.0565457, 0.0491412, 0.0648479
0.00212151, 0.0374396, 0.424614, 0.41268, 0.436626
0.00247367, 0.105096, 0.125335, 0.117312, 0.133765
0.00167767, 0.0113599, 0, -0.00150524, 0.00748285
0.00282876, 0.115886, 0.0536089, 0.0462592, 0.0619
0.00090218, 0.0602966, 0.340797, 0.329398, 0.352361
0.00128367, 0.0479751, 0.379344, 0.367653, 0.39116
0.00011626, 0.181259, 0, -0.00150524, 0.00748285
0.00180796, 0.0173964, 0, -0.00150524, 0.00748285
0.00260934, 0.0408722, 0.610355, 0.598485, 0.622111
0.000765854, 0.195619, 0, -0.00150524, 0.00748285
0.00206275, 0.0104461, 0, -0.00150524, 0.00748285
0.00162284, 0.0274929, 0.0343447, 0.0275263, 0.0425308
0.00111762, 0.101438, 0.124979, 0.116957, 0.133409
0.00183823, 0.0221408, 0.00408719, 0.0007236, 0.0117335
0.00113565, 0.0761101, 0.400488, 0.38867, 0.412408
0.00135293, 0.151421, 0.00631413, 0.00229527, 0.01404
0.00146938, 0.197081, 0.000595948, -0.00125571, 0.00809968
0.00158849, 0.0552969, 0.63177, 0.620019, 0.643385
0.000112535, 0.0431388, 0.107817, 0.0998855, 0.116229
0.00123613, 0.11268, 0.085226, 0.077459, 0.0936024
0.0011395, 0.0641449, 0.46289, 0.450831, 0.474987
0.00203054, 0.145302, 0.0392623, 0.0322706, 0.0474818
5.68669e-05, 0.197551, 0, -0.00150524, 0.00748285
0.00270877, 0.111071, 0.0808251, 0.0730995, 0.0891928
8.07601e-05, 0.0807414, 0.00334608, 0.000245155, 0.0109606
0.000368902, 0.0274319, 0.0884552, 0.0806601, 0.0968376
0.00143527, 0.188045, 0.00113701, -0.00100281, 0.00866419
0.00131665, 0.114263, 0.0878683, 0.0800781, 0.0962497
0.00192418, 0.020724, 0.00163577, -0.00074906, 0.00918362
6.84252e-05, 0.111941, 0.000595948, -0.00125571, 0.00809968
0.000259494, 0.0458867, 0.171645, 0.162678, 0.180952
0.00222834, 0.160204, 0.0207837, 0.0147139, 0.028831
0.000859282, 0.178264, 0.000595948, -0.00125571, 0.00809968
0.00150693, 0.0132224, 0, -0.00150524, 0.00748285
0.00205376, 0.0662395, 0.565682, 0.553642, 0.577654
0.000348394, 0.081348, 0.0201105, 0.0140949, 0.0281473
0.00298451, 0.127666, 0.031658, 0.0249513, 0.039822
0.0023987, 0.0113442, 0, -0.00150524, 0.00748285
0.001662, 0.155897, 0.0121194, 0.00697491, 0.0200106
0.0024763, 0.0239213, 0.0155039, 0.00992737, 0.0234656
0.000149511, 0.0178909, 0.153429, 0.144875, 0.162342
0.00256994, 0.130851, 0.0571969, 0.0497813, 0.0655008
0.00127703, 0.0225034, 0.00113701, -0.00100281, 0.00866419
0.000300448, 0.159315, 0, -0.00150524, 0.00748285
0.00144848, 0.144509, 0.0192831, 0.0133367, 0.0273079
0.00225628, 0.0743796, 0.405096, 0.393254, 0.417037
0.00235602, 0.0177158, 0, -0.00150524, 0.00748285
0.00194225, 0.0910959, 0.326484, 0.315215, 0.337933
0.000379757, 0.120564, 0.000595948, -0.00125571, 0.00809968
0.00272768, 0.137794, 0.0372896, 0.0303635, 0.0454962
0.00212237, 0.195854, 0.00163577, -0.00074906, 0.00918362
0.000425896, 0.199841, 0, -0.00150524, 0.00748285
0.00249196, 0.179247, 0.00659938, 0.00250811, 0.0143353
0.000109361, 0.100288, 0.00113701, -0.00100281, 0.00866419
0.00251812, 0.0366851, 0.454269, 0.442233, 0.466354
0.00167992, 0.182171, 0.00163577, -0.00074906, 0.00918362
0.00139929, 0.021051, 0.00113701, -0.00100281, 0.00866419
0.0012439, 0.0167374, 0, -0.00150524, 0.00748285
0.00251116, 0.148183, 0.0333438, 0.0265658, 0.0415215
0.00156514, 0.142597, 0.0266593, 0.0202002, 0.0347776
0.00166441, 0.12697, 0.0752843, 0.0676162, 0.0836404
0.00232848, 0.0419063, 0.604229, 0.59233, 0.61602
0.00158071, 0.0331157, 0.139442, 0.131233, 0.148024
0.00100677, 0.188424, 0, -0.00150524, 0.00748285
0.00277183, 0.00781857, 0, -0.00150524, 0.00748285
0.000898625, 0.18025, 0, -0.00150524, 0.00748285
0.0020982, 0.0610189, 0.620114, 0.608295, 0.631809
0.00144087, 0.0856162, 0.395175, 0.383387, 0.407071
0.00143951, 0.158059, 0.00443656, 0.000957788, 0.0120967
0.00249321, 0.0353612, 0.395663, 0.383872, 0.407562
0.00146555, 0.0195821, 0, -0.00150524, 0.00748285
0.00283995, 0.161603, 0.0150039, 0.00948467, 0.0229554
0.000434691, 0.183047, 0, -0.00150524, 0.00748285
0.00216999, 0.132746, 0.0680628, 0.0604819, 0.0764009
0.00281739, 0.178312, 0.00715092, 0.0029259, 0.014906
0.000616841, 0.0301118, 0.0117258, 0.00663973, 0.0196077
0.00187882, 0.0513226, 0.685009, 0.673661, 0.696166
0.000259006, 0.112573, 0.000595948, -0.00125571, 0.00809968
0.00156777, 0.0336327, 0.152941, 0.144398, 0.161843
0.000448382, 0.0692947, 0.0850112, 0.0772461, 0.0933873
0.00029389, 0.14019, 0, -0.00150524, 0.00748285
0.000132484, 0.00506209, 0.00113701, -0.00100281, 0.00866419
0.00227644, 0.106478, 0.159122, 0.150434, 0.168162
0.00280575, 0.0625367, 0.441746, 0.429747, 0.453805
0.00271629, 0.149352, 0.0234375, 0.0171763, 0.0315185
0.000942194, 0.00551077, 0, -0.00150524, 0.00748285
0.00178845, 0.153086, 0.018139, 0.0122942, 0.0261469
0.00130027, 0.027682, 0.0137931, 0.00842079, 0.0217204
0.00179793, 0.146383, 0.025544, 0.0191497, 0.0336498
0.00191808, 0.0295156, 0.0990627, 0.0911867, 0.107462
0.00223069, 0.160744, 0.0201105, 0.0140949, 0.0281473
0.00118811, 0.118998, 0.0430585, 0.0359542, 0.0513
6.5394e-05, 0.173272, 0, -0.00150524, 0.00748285
0.00248466, 0.00567047, 0, -0.00150524, 0.00748285
0.000942772, 0.00914918, 0, -0.00150524, 0.00748285
0.00207257, 0.0823236, 0.377663, 0.365983, 0.38947
0.00197178, 0.0331942, 0.224993, 0.215019, 0.235252
0.00140478, 0.0189073, 0, -0.00150524, 0.00748285
0.00198843, 0.19504, 0.00210084, -0.000496529, 0.00966772
0.00102556, 0.162022, 0, -0.00150524, 0.00748285
0.0016014, 0.127614, 0.0687802, 0.06119, 0.07712
0.000151504, 0.0629362, 0.025544, 0.0191497, 0.0336498
0.00252826, 0.173557, 0.00867453, 0.00411969, 0.0164746
0.00141657, 0.15667, 0.00253807, -0.000246273, 0.010122
0.00151941, 0.049089, 0.539225, 0.527131, 0.551278
0.00204312, 0.0629444, 0.605096, 0.593201, 0.616883
0.00256292, 0.114005, 0.085959, 0.0781853, 0.094337
0.000649644, 0.187399, 0, -0.00150524, 0.00748285
0.00134658, 0.123042, 0.0539173, 0.046562, 0.062209
0.000965872, 0.154289, 0.00163577, -0.00074906, 0.00918362
0.000185062, 0.0866692, 0.00334608, 0.000245155, 0.0109606
0.00136559, 0.0779441, 0.475901, 0.463817, 0.488011
0.000907356, 0.150745, 0, -0.00150524, 0.00748285
8.6285e-05, 0.182019, 0, -0.00150524, 0.00748285
0.000892839, 0.0905763, 0.125078, 0.117056, 0.133509
0.00160982, 0.130587, 0.0574363, 0.0500163, 0.0657414
0.00173254, 0.109311, 0.188777, 0.179456, 0.198421
0.00194776, 0.197223, 0.00163577, -0.00074906, 0.00918362
0.001554, 0.172691, 0.00408719, 0.0007236, 0.0117335
0.0026043, 0.104496, 0.112454, 0.104495, 0.12087
0.00234629, 0.108491, 0.137707, 0.129543, 0.146246
0.000754727, 0.0413764, 0.08833, 0.0805359, 0.0967122
0.00288762, 0.178981, 0.00631413, 0.00229527, 0.01404
0.00281999, 0.183659, 0.00793365, 0.00353283, 0.0157119
0.000566954, 0.125904, 0.00295276, 1.06468e-06, 0.0105544
0.00176283, 0.0631523, 0.641963, 0.630276, 0.653502
0.00281688, 0.136313, 0.034435, 0.027613, 0.042622
0.00163165, 0.186381, 0, -0.00150524, 0.00748285
0.00193083, 0.0659209, 0.603958, 0.592057, 0.615751
0.00216186, 0.0255236, 0.0275229, 0.0210167, 0.0356496
0.00160028, 0.0244225, 0.00659938, 0.00250811, 0.0143353
0.00270365, 0.154701, 0.0216933, 0.0155549, 0.0297519
0.00243721, 0.0665363, 0.459528, 0.447478, 0.471621
0.00107908, 0.136836, 0.00659938, 0.00250811, 0.0143353
0.00102588, 0.0178139, 0, -0.00150524, 0.00748285
0.0021704, 0.160783, 0.0148344, 0.00933512, 0.0227822
0.00116856, 0.10874, 0.0948099, 0.0869645, 0.103203
0.00241795, 0.0479937, 0.690756, 0.679462, 0.701854
0.00126593, 0.0775502, 0.441204, 0.429207, 0.453261
0.000147656, 0.0816009, 0.00372439, 0.000486061, 0.0113559
0.00146519, 0.136175, 0.0331596, 0.0263892, 0.0413358
0.000143563, 0.164943, 0, -0.00150524, 0.00748285
0.0028079, 0.192493, 0.00334608, 0.000245155, 0.0109606
0.00187997, 0.122879, 0.107313, 0.0993839, 0.115723
0.00145781, 0.187943, 0.00163577, -0.00074906, 0.00918362
0.00250596, 0.149196, 0.030496, 0.0238413, 0.0386508
0.00142128, 0.174312, 0.00163577, -0.00074906, 0.00918362
0.00262226, 0.0687655, 0.373163, 0.361514, 0.384944
0.00167248, 0.0157074, 0, -0.00150524, 0.00748285
0.00070973, 0.0745688, 0.173977, 0.164959, 0.183331
0.00295487, 0.0369764, 0.508051, 0.495937, 0.520156
0.000999475, 0.0171352, 0, -0.00150524, 0.00748285
0.000445197, 0.135837, 0, -0.00150524, 0.00748285
0.000871991, 0.0570694, 0.305882, 0.294821, 0.317145
0.000169897, 0.155717, 0, -0.00150524, 0.00748285
0.00243834, 0.126875, 0.0711498, 0.0635299, 0.0794957
0.00137056, 0.0655631, 0.555706, 0.543642, 0.567713
0.000458941, 0.0724547, 0.0709523, 0.0633346, 0.0792979
0.00230672, 0.132898, 0.0678029, 0.0602255, 0.07614
0.00193709, 0.0827316, 0.4045, 0.392661, 0.416438
0.00233036, 0.180712, 0.00960901, 0.00487473, 0.0174369
0.0017177, 0.0229976, 0.00210084, -0.000496529, 0.00966772
0.00129024, 0.00531905, 0, -0.00150524, 0.00748285
0.00275519, 0.137739, 0.0368691, 0.0299574, 0.045073
0.00185698, 0.033451, 0.210518, 0.20079, 0.220545
0.00136486, 0.176744, 0.00113701, -0.00100281, 0.00866419
0.000400832, 0.0874605, 0.0156651, 0.0100713, 0.0236287
0.00148718, 0.0404049, 0.318731, 0.307537, 0.330113
0.000943353, 0.0741185, 0.304202, 0.293158, 0.315448
0.00246096, 0.0246345, 0.0238001, 0.0175145, 0.0318861
0.000222459, 0.0899717, 0.00372439, 0.000486061, 0.0113559
0.000665767, 0.094446, 0.039103, 0.0321162, 0.0473219
0.00290614, 0.142465, 0.0276283, 0.0211167, 0.0357557
0.00170065, 0.0227791, 0.00210084, -0.000496529, 0.00966772
0.000338101, 0.111612, 0.000595948, -0.00125571, 0.00809968
0.00267782, 0.0611249, 0.502358, 0.490246, 0.514468
0.00294578, 0.192649, 0.00509987, 0.00141613, 0.0127844
0.00184445, 0.108593, 0.199024, 0.189506, 0.208854
0.000855357, 0.138519, 0.000595948, -0.00125571, 0.00809968
0.00236386, 0.0573494, 0.62212, 0.610312, 0.633801
0.00236705, 0.183129, 0.00715092, 0.0029259, 0.014906
0.00272963, 0.0623963, 0.457468, 0.445423, 0.469557
0.00076569, 0.105396, 0.0240394, 0.0177381, 0.0321286
0.00144727, 0.083907, 0.426511, 0.41457, 0.438529
0.00281705, 0.150109, 0.0179882, 0.0121582, 0.0259921
0.00171484, 0.0801251, 0.479805, 0.467714, 0.491917
0.000580674, 0.140376, 0, -0.00150524, 0.00748285
0.000807956, 0.111985, 0.0219527, 0.0157945, 0.0300161
0.00241308, 0.196783, 0.00253807, -0.000246273, 0.010122
0.000630248, 0.010275, 0, -0.00150524, 0.00748285
0.00245077, 0.147152, 0.0388568, 0.0318784, 0.0470735
0.0019349, 0.0740576, 0.51087, 0.498756, 0.522973
0.00198366, 0.163178, 0.0130682, 0.00779049, 0.0209808
0.00256067, 0.162703, 0.0173913, 0.0116183, 0.0253856
0.000541519, 0.100216, 0.011118, 0.00612628, 0.0189848
0.00120756, 0.0688395, 0.4836, 0.471504, 0.495713
0.00284479, 0.027541, 0.0973648, 0.0895006, 0.105762
0.000453487, 0.119107, 0, -0.00150524, 0.00748285
0.00288628, 0.0391694, 0.579561, 0.567563, 0.591477
6.58864e-05, 0.122447, 0, -0.00150524, 0.00748285
0.00105352, 0.0340585, 0.0382038, 0.0312468, 0.0464165
0.00233834, 0.0791285, 0.333586, 0.322251, 0.345094
0.00183886, 0.157542, 0.0176949, 0.0118919, 0.0256955
0.00202493, 0.131607, 0.0772111, 0.0695223, 0.0855711
0.00293278, 0.171088, 0.0115256, 0.00647006, 0.0194027
0.00219604, 0.124033, 0.0996732, 0.0917931, 0.108074
0.00246865, 0.0242771, 0.018139, 0.0122942, 0.0261469
0.000692732, 0.14496, 0.000595948, -0.00125571, 0.00809968
0.00170993, 0.0325774, 0.151694, 0.143181, 0.160568
0.00162868, 0.115888, 0.135755, 0.127642, 0.144245
0.00223692, 0.0297123, 0.1344, 0.126322, 0.142855
0.00196512, 0.188951, 0.00334608, 0.000245155, 0.0109606
0.00158599, 0.0383059, 0.298672, 0.287689, 0.309863
0.0023823, 0.0358978, 0.404554, 0.392715, 0.416492
0.000535289, 0.159355, 0, -0.00150524, 0.00748285
0.000109488, 0.107798, 0.000595948, -0.00125571, 0.00809968
0.00240092, 0.0634675, 0.513581, 0.501467, 0.525681
0.000382482, 0.190612, 0, -0.00150524, 0.00748285
0.00194906, 0.165592, 0.00659938, 0.00250811, 0.0143353
0.00255386, 0.196543, 0.00372439, 0.000486061, 0.0113559
0.000665463, 0.182232, 0, -0.00150524, 0.00748285
0.00150895, 0.023634, 0.00295276, 1.06468e-06, 0.0105544
0.0025593, 0.159128, 0.0172414, 0.0114827, 0.0252339
0.00133666, 0.0287512, 0.022704, 0.0164926, 0.0307764
0.00290008, 0.0721362, 0.270046, 0.259409, 0.280921
0.000990677, 0.128831, 0.0102729, 0.00542096, 0.0181183
0.000685634, 0.13726, 0.00113701, -0.00100281, 0.00866419
0.00051708, 0.154639, 0, -0.00150524, 0.00748285
0.00179861, 0.0801749, 0.469612, 0.457539, 0.481717
0.00187205, 0.116952, 0.138466, 0.130282, 0.147024
0.00111943, 0.126278, 0.0209142, 0.0148345, 0.0289626
0.00184898, 0.195554, 0.00113701, -0.00100281, 0.00866419
0.00238269, 0.122856, 0.0866393, 0.0788599, 0.0950183
0.00178777, 0.0131038, 0, -0.00150524, 0.00748285
0.000799681, 0.0570529, 0.283058, 0.272257, 0.294083
0.000951339, 0.142676, 0.00334608, 0.000245155, 0.0109606
0.00168877, 0.112669, 0.163784, 0.15499, 0.172926
0.000515402, 0.0796546, 0.0594181, 0.0519645, 0.0677299
0.00251238, 0.0543264, 0.640987, 0.629294, 0.652534
0.000574493, 0.147152, 0.000595948, -0.00125571, 0.00809968
0.00242664, 0.0519917, 0.680076, 0.668683, 0.691282
0.00249767, 0.0340071, 0.337273, 0.325905, 0.34881
0.0014065, 0.0277698, 0.0214392, 0.015319, 0.0294956
0.00222914, 0.170196, 0.0102729, 0.00542096, 0.0181183
0.00263589, 0.189893, 0.00767824, 0.00333307, 0.0154494
0.00260115, 0.039335, 0.556357, 0.544294, 0.568362
0.000274968, 0.181144, 0, -0.00150524, 0.00748285
0.00152263, 0.0447396, 0.448523, 0.436502, 0.460596
0.00259593, 0.173075, 0.0107019, 0.00577738, 0.0185591
0.00211442, 0.0331982, 0.253782, 0.243366, 0.264452
0.00278253, 0.0544529, 0.60103, 0.589116, 0.612839
0.00046942, 0.134632, 0, -0.00150524, 0.00748285
0.00218651, 0.183384, 0.00541667, 0.00164061, 0.013113
0.00214034, 0.0827757, 0.345188, 0.333752, 0.356785
0.00230104, 0.174291, 0.0113219, 0.00629829, 0.0191932
0.00150264, 0.054074, 0.590892, 0.578935, 0.602754
0.00175369, 0.0340432, 0.208024, 0.198341, 0.218009
0.00198117, 0.0269296, 0.0479172, 0.0406895, 0.0561832
0.00169211, 0.126396, 0.0827423, 0.0749981, 0.0911141
0.00191153, 0.114973, 0.157333, 0.148686, 0.166334
0.000950064, 0.158101, 0, -0.00150524, 0.00748285
0.00256082, 0.0186817, 0.000595948, -0.00125571, 0.00809968
0.00140207, 0.132703, 0.0302008, 0.0235597, 0.0383533
0.00171035, 0.158089, 0.00914944, 0.00450125, 0.0169642
0.0022565, 0.1555, 0.0229488, 0.0167209, 0.0310235
0.00296507, 0.00653904, 0, -0.00150524, 0.00748285
0.00199797, 0.0143404, 0, -0.00150524, 0.00748285
0.000273812, 0.118184, 0, -0.00150524, 0.00748285
0.00246099, 0.0214218, 0.00163577, -0.00074906, 0.00918362
0.00245376, 0.178689, 0.00602168, 0.0020796, 0.0137367
0.00283212, 0.0672447, 0.358796, 0.347251, 0.370488
0.000191626, 0.192325, 0, -0.00150524, 0.00748285
0.000757564, 0.101182, 0.0329792, 0.0262156, 0.041155
0.0026661, 0.0446063, 0.665546, 0.654032, 0.676889
0.0028838, 0.0389119, 0.574844, 0.562831, 0.58678
0.000688322, 0.112364, 0.00843289, 0.00392669, 0.0162269
0.00170544, 0.112831, 0.162646, 0.153877, 0.171763
0.000226391, 0.115472, 0.00113701, -0.00100281, 0.00866419
0.000794671, 0.199972, 0, -0.00150524, 0.00748285
0.00127559, 0.140349, 0.0134341, 0.00810793, 0.0213542
0.00127798, 0.0979431, 0.212741, 0.202974, 0.222805
0.00107991, 0.137365, 0.00659938, 0.00250811, 0.0143353
0.00128809, 0.118903, 0.0611838, 0.0537014, 0.0695018
0.000106331, 0.0601759, 0.0238001, 0.0175145, 0.0318861
0.000703033, 0.0410718, 0.0990627, 0.0911867, 0.107462
0.000524648, 0.195204, 0, -0.00150524, 0.00748285
0.000249612, 0.137328, 0, -0.00150524, 0.00748285
0.000256811, 0.187017, 0, -0.00150524, 0.00748285
0.000656764, 0.0616272, 0.242993, 0.232735, 0.253516
0.000568303, 0.0498644, 0.232583, 0.222486, 0.242957
0.000125804, 0.0520976, 0.055153, 0.047774, 0.0634499
0.00233212, 0.173819, 0.00960901, 0.00487473, 0.0174369
0.0029532, 0.00841674, 0, -0.00150524, 0.00748285
0.00209847, 0.0306102, 0.156194, 0.147574, 0.16517
0.00206573, 0.122707, 0.111194, 0.103243, 0.11961
0.000551899, 0.0322794, 0.0424578, 0.0353703, 0.0506961
0.0020726, 0.150046, 0.0292952, 0.0226978, 0.0374392
0.0020864, 0.194841, 0.00210084, -0.000496529, 0.00966772
0.00279423, 0.198964, 0.00372439, 0.000486061, 0.0113559
0.00293983, 0.132273, 0.0314703, 0.0247712, 0.0396337
0.0023754, 0.0105485, 0, -0.00150524, 0.00748285
0.00145477, 0.107309, 0.172404, 0.163421, 0.181727
0.00291073, 0.118896, 0.0488008, 0.0415528, 0.0570708
0.00219461, 0.0920627, 0.252263, 0.24187, 0.262913
0.00160053, 0.188959, 0, -0.00150524, 0.00748285
0.00198649, 0.177363, 0.00631413, 0.00229527, 0.01404
0.000333773, 0.0414982, 0.22109, 0.21118, 0.231288
0.00161713, 0.169071, 0.00408719, 0.0007236, 0.0117335
0.00241748, 0.146741, 0.0402961, 0.0332724, 0.0485216
0.00259237, 0.0383899, 0.525508, 0.5134, 0.53759
0.00247402, 0.191281, 0.00372439, 0.000486061, 0.0113559
0.00130263, 0.0966164, 0.238818, 0.228624, 0.249283
0.00278975, 0.173524, 0.0107019, 0.00577738, 0.0185591
0.000875565, 0.177761, 0, -0.00150524, 0.00748285
0.00277954, 0.135405, 0.0365297, 0.02963, 0.0447314
0.00194487, 0.0247561, 0.0144928, 0.00903409, 0.0224337
0.00146836, 0.08367, 0.434589, 0.422616, 0.44663
0.00269286, 0.0318026, 0.254974, 0.244542, 0.26566
0.00108786, 0.08259, 0.302087, 0.291067, 0.313313
0.00164011, 0.158167, 0.00767824, 0.00333307, 0.0154494
0.00170956, 0.0874085, 0.402494, 0.390666, 0.414423
0.00246546, 0.0808093, 0.270859, 0.260212, 0.281744
0.000719234, 0.0379006, 0.0523413, 0.0450174, 0.0606266
0.000427678, 0.136047, 0.000595948, -0.00125571, 0.00809968
0.00265333, 0.0519283, 0.65492, 0.643324, 0.666356
0.00273418, 0.13341, 0.0400606, 0.0330439, 0.048285
0.00121193, 0.155906, 0.00113701, -0.00100281, 0.00866419
0.00181442, 0.159719, 0.0132506, 0.00794896, 0.0211662
0.00176399, 0.187934, 0.00113701, -0.00100281, 0.00866419
0.000351293, 0.0238377, 0.054476, 0.0471099, 0.06277
0.00173837, 0.173407, 0.00295276, 1.06468e-06, 0.0105544
0.000305297, 0.061618, 0.0736069, 0.0659576, 0.0819592
0.0021377, 0.0165553, 0, -0.00150524, 0.00748285
0.00294101, 0.139366, 0.0278422, 0.021319, 0.0359722
0.00165234, 0.0130964, 0, -0.00150524, 0.00748285
0.00274297, 0.116475, 0.0642122, 0.0566844, 0.0725395
0.00282763, 0.0967703, 0.106411, 0.0984869, 0.11482
0.00153891, 0.169183, 0.00541667, 0.00164061, 0.013113
0.00205054, 0.0378682, 0.421903, 0.409981, 0.433906
0.00153766, 0.00802612, 0, -0.00150524, 0.00748285
0.00289786, 0.0746016, 0.245812, 0.235512, 0.256375
0.0017323, 0.100915, 0.262402, 0.251867, 0.273183
0.00277046, 0.108895, 0.0734556, 0.0658086, 0.0818069
7.76228e-05, 0.130883, 0, -0.00150524, 0.00748285
0.00257717, 0.0418451, 0.631445, 0.619691, 0.643062
0.00207365, 0.150494, 0.0302979, 0.0236526, 0.0384508
0.00257941, 0.0592657, 0.544646, 0.53256, 0.556686
0.00287736, 0.0574485, 0.526918, 0.51481, 0.538997
0.000265413, 0.068078, 0.033893, 0.0270926, 0.0420755
0.00156639, 0.0786621, 0.496069, 0.483961, 0.508182
0.000646849, 0.164923, 0, -0.00150524, 0.00748285
0.000719708, 0.0626186, 0.26392, 0.253364, 0.27472
0.0022915, 0.036897, 0.432204, 0.42024, 0.444238
0.000227057, 0.0881862, 0.00372439, 0.000486061, 0.0113559
0.00092977, 0.0214611, 0, -0.00150524, 0.00748285
0.000848693, 0.0062954, 0, -0.00150524, 0.00748285
0.000626907, 0.107589, 0.0104862, 0.00559857, 0.0183356
0.00249064, 0.137298, 0.0500699, 0.0427936, 0.0583456
0.00082303, 0.00942882, 0, -0.00150524, 0.00748285
7.65504e-05, 0.082134, 0.00295276, 1.06468e-06, 0.0105544
0.00227421, 0.0467393, 0.683004, 0.671637, 0.69418
0.000733439, 0.193466, 0, -0.00150524, 0.00748285
0.000563038, 0.109923, 0.00767824, 0.00333307, 0.0154494
0.00268781, 0.082652, 0.200813, 0.191262, 0.210674
0.000701217, 0.186196, 0, -0.00150524, 0.00748285
0.0012831, 0.181324, 0.00163577, -0.00074906, 0.00918362
0.000105145, 0.177427, 0, -0.00150524, 0.00748285
0.00220395, 0.0436318, 0.624831, 0.613038, 0.636494
0.0019813, 0.118329, 0.129912, 0.121869, 0.138347
0.00025861, 0.0515905, 0.123618, 0.115603, 0.132047
0.000209325, 0.189852, 0, -0.00150524, 0.00748285
0.00118349, 0.104151, 0.125526, 0.117502, 0.133957
0.00126319, 0.135307, 0.0224557, 0.0162616, 0.0305251
0.00158816, 0.175725, 0.00253807, -0.000246273, 0.010122
0.00176498, 0.147664, 0.0250862, 0.0187198, 0.0331863
0.00226244, 0.0827407, 0.314015, 0.302868, 0.325354
0.00158917, 0.142522, 0.0273105, 0.0208155, 0.0354356
0.00224516, 0.0521062, 0.69016, 0.67886, 0.701264
0.00267594, 0.094334, 0.141014, 0.132765, 0.149634
0.00259921, 0.155597, 0.0206477, 0.0145892, 0.0286919
0.000779507, 0.0934566, 0.0672355, 0.0596654, 0.0755714
0.00265239, 0.0714558, 0.335159, 0.323809, 0.346679
0.0011821, 0.0370662, 0.108499, 0.100563, 0.116911
5.67571e-05, 0.0414908, 0.0938548, 0.0860166, 0.102246
0.00084074, 0.0652232, 0.312822, 0.301687, 0.32415
0.00111302, 0.0480335, 0.278721, 0.267973, 0.289697
0.000574526, 0.149751, 0, -0.00150524, 0.00748285
0.000197389, 0.123814, 0, -0.00150524, 0.00748285
0.0027642, 0.178748, 0.00741565, 0.00313002, 0.0151773
0.000620605, 0.197553, 0, -0.00150524, 0.00748285
0.00268844, 0.0742933, 0.283871, 0.27306, 0.294905
0.00265979, 0.0246627, 0.0287807, 0.0222094, 0.0369193
0.00107398, 0.164718, 0.000595948, -0.00125571, 0.00809968
0.00239965, 0.136644, 0.0560598, 0.0486646, 0.0643595
0.00224677, 0.155648, 0.0259959, 0.0195746, 0.0341072
0.00191552, 0.178303, 0.00295276, 1.06468e-06, 0.0105544
0.00251279, 0.0543561, 0.630252, 0.618491, 0.641878
0.00214979, 0.144576, 0.0397452, 0.032738, 0.0479681
0.00215374, 0.134328, 0.0699973, 0.0623917, 0.0783402
0.00128536, 0.0721883, 0.493955, 0.481848, 0.506068
0.0016341, 0.0350145, 0.206181, 0.196531, 0.216135
0.0019238, 0.188971, 0.00163577, -0.00074906, 0.00918362
0.000257172, 0.0320593, 0.217945, 0.208089, 0.228094
0.00219039, 0.0865897, 0.297967, 0.286992, 0.309151
0.000274381, 0.0267996, 0.160314, 0.151599, 0.169381
0.0029484, 0.139122, 0.0279459, 0.0214175, 0.0360763
0.000336354, 0.128246, 0, -0.00150524, 0.00748285
0.00145023, 0.0819837, 0.461589, 0.449533, 0.473684
0.000896775, 0.159277, 0.00163577, -0.00074906, 0.00918362
0.00120025, 0.192276, 0.00113701, -0.00100281, 0.00866419
0.00158129, 0.049555, 0.577772, 0.565768, 0.589695
0.000730569, 0.121362, 0.00509987, 0.00141613, 0.0127844
0.000933392, 0.0856775, 0.187368, 0.178075, 0.196984
0.00245696, 0.0543687, 0.6463, 0.634642, 0.657806
0.00150473, 0.0489844, 0.533044, 0.520942, 0.545112
0.00170745, 0.142364, 0.0360119, 0.0291313, 0.0442094
0.00216174, 0.0351133, 0.340526, 0.329129, 0.352088
0.00203094, 0.028236, 0.0716931, 0.0640668, 0.0800402
0.00278339, 0.0193458, 0.000595948, -0.00125571, 0.00809968
0.00181228, 0.0956886, 0.309081, 0.297985, 0.320374
0.0024377, 0.179786, 0.00960901, 0.00487473, 0.0174369
0.00238281, 0.181764, 0.00659938, 0.00250811, 0.0143353
0.00237753, 0.0878779, 0.245541, 0.235245, 0.2561
0.000314049, 0.0592795, 0.0932501, 0.0854167, 0.10164
0.00262842, 0.125994, 0.0602203, 0.0527535, 0.0685349
0.00241026, 0.0830707, 0.262673, 0.252134, 0.273457
0.00185235, 0.176638, 0.00477223, 0.00118824, 0.0124427
0.000294932, 0.0715367, 0.0320388, 0.0253156, 0.0402061
0.00137183, 0.0440452, 0.351857, 0.340366, 0.363501
0.000212242, 0.170791, 0, -0.00150524, 0.00748285
0.00150109, 0.113789, 0.12865, 0.120613, 0.137084
0.000882026, 0.176828, 0, -0.00150524, 0.00748285
0.00267532, 0.131776, 0.0508572, 0.0435641, 0.0591362
0.00223265, 0.11514, 0.129066, 0.121026, 0.137501
0.00157515, 0.144489, 0.0222038, 0.0160278, 0.0302696
0.00256765, 0.0748178, 0.309081, 0.297985, 0.320374
0.000716185, 0.0565413, 0.281594, 0.270811, 0.292603
0.00179827, 0.0146535, 0, -0.00150524, 0.00748285
0.000188748, 0.109103, 0.000595948, -0.00125571, 0.00809968
0.00115911, 0.0645824, 0.471998, 0.45992, 0.484104
0.00111839, 0.0421207, 0.173055, 0.164058, 0.182391
0.00112606, 0.104323, 0.105752, 0.097833, 0.114161
0.00279061, 0.0285877, 0.130823, 0.122776, 0.139259
0.00218503, 0.035144, 0.344972, 0.333537, 0.356567
0.000179761, 0.0940631, 0.00163577, -0.00074906, 0.00918362
0.000534641, 0.0701043, 0.122676, 0.114665, 0.131104
0.0013448, 0.0108632, 0, -0.00150524, 0.00748285
0.00152082, 0.164528, 0.00295276, 1.06468e-06, 0.0105544
0.00167759, 0.0594776, 0.656926, 0.645345, 0.668345
0.0017243, 0.102077, 0.255679, 0.245237, 0.266374
0.00161643, 0.0407944, 0.393928, 0.382147, 0.405819
0.00095048, 0.0909072, 0.145947, 0.137574, 0.154687
0.00269411, 0.0676094, 0.383193, 0.371477, 0.39503
0.0023753, 0.179898, 0.00509987, 0.00141613, 0.0127844
0.00131162, 0.126362, 0.0428347, 0.0357365, 0.0510752
0.00201495, 0.192017, 0.00210084, -0.000496529, 0.00966772
0.00154879, 0.135354, 0.0402961, 0.0332724, 0.0485216
0.00073445, 0.0428597, 0.110735, 0.102786, 0.119149
0.00279593, 0.0990833, 0.0969739, 0.0891126, 0.10537
0.00233709, 0.0902869, 0.229927, 0.219872, 0.240261
0.00175704, 0.117661, 0.136514, 0.128381, 0.145023
0.00169253, 0.118914, 0.118702, 0.110711, 0.127126
0.000911331, 0.130795, 0.00914944, 0.00450125, 0.0169642
0.00191746, 0.0521024, 0.681919, 0.670543, 0.693107
0.00178386, 0.123514, 0.105534, 0.0976158, 0.113942
0.00207409, 0.0627744, 0.605096, 0.593201, 0.616883
0.00126244, 0.130935, 0.0234375, 0.0171763, 0.0315185
0.000792117, 0.16889, 0, -0.00150524, 0.00748285
0.00259004, 0.15763, 0.0209142, 0.0148345, 0.0289626
0.000306446, 0.198871, 0, -0.00150524, 0.00748285
0.00299424, 0.129665, 0.0295979, 0.022986, 0.0377445
0.00143786, 0.0614691, 0.590241, 0.578282, 0.602107
0.00158383, 0.0498975, 0.57376, 0.561743, 0.5857
0.000704935, 0.159645, 0, -0.00150524, 0.00748285
0.00112762, 0.00791322, 0, -0.00150524, 0.00748285
0.00196141, 0.182185, 0.00602168, 0.0020796, 0.0137367
0.00255747, 0.115752, 0.0872326, 0.0794481, 0.0956126
0.00285819, 0.134543, 0.033438, 0.0266558, 0.041617
0.000262111, 0.121566, 0, -0.00150524, 0.00748285
0.00205857, 0.104797, 0.203632, 0.194029, 0.213543
0.00290886, 0.0913778, 0.111478, 0.103525, 0.119894
0.000943429, 0.179175, 0, -0.00150524, 0.00748285
0.00168001, 0.131419, 0.0625736, 0.05507, 0.0708957
0.00126358, 0.0786937, 0.423204, 0.411276, 0.435211
0.00271602, 0.087449, 0.166061, 0.157216, 0.175252
0.00100744, 0.0550245, 0.329358, 0.318061, 0.340831
0.00167695, 0.0481588, 0.596584, 0.584651, 0.608418
0.0012999, 0.178328, 0.000595948, -0.00125571, 0.00809968
0.00288451, 0.0446463, 0.67563, 0.664199, 0.68688
0.000762438, 0.124101, 0.00602168, 0.0020796, 0.0137367
0.00131766, 0.0498989, 0.434101, 0.42213, 0.446141
0.00260021, 0.157901, 0.0222038, 0.0160278, 0.0302696
0.00232295, 0.155993, 0.0219527, 0.0157945, 0.0300161
0.00187959, 0.174394, 0.00767824, 0.00333307, 0.0154494
0.000980174, 0.0901649, 0.167091, 0.158224, 0.176304
0.00233549, 0.142032, 0.0429841, 0.0358818, 0.0512253
0.000237743, 0.049775, 0.124139, 0.116122, 0.132568
0.000446997, 0.199967, 0, -0.00150524, 0.00748285
0.000662846, 0.168249, 0, -0.00150524, 0.00748285
0.00216256, 0.047096, 0.678992, 0.66759, 0.690208
0.00109045, 0.187787, 0, -0.00150524, 0.00748285
0.0011969, 0.195855, 0, -0.00150524, 0.00748285
0.0018886, 0.179163, 0.00113701, -0.00100281, 0.00866419
0.00172588, 0.192328, 0.000595948, -0.00125571, 0.00809968
0.00296462, 0.0129834, 0, -0.00150524, 0.00748285
0.000217789, 0.0495572, 0.110209, 0.102263, 0.118623
0.00109738, 0.0995295, 0.135538, 0.127431, 0.144023
0.000504936, 0.189001, 0, -0.00150524, 0.00748285
0.000215047, 0.116351, 0, -0.00150524, 0.00748285
0.00164725, 0.0592337, 0.653131, 0.641522, 0.664581
0.00168322, 0.100397, 0.268962, 0.258339, 0.279823
0.000454636, 0.193492, 0, -0.00150524, 0.00748285
0.000383194, 0.0527976, 0.181025, 0.17186, 0.19052
0.00168695, 0.181625, 0.00210084, -0.000496529, 0.00966772
0.000472307, 0.113815, 0.00295276, 1.06468e-06, 0.0105544
0.00247866, 0.0665683, 0.44386, 0.431855, 0.455924
0.00209743, 0.0462132, 0.655842, 0.644253, 0.667269
0.00226831, 0.0705763, 0.447709, 0.435692, 0.459781
0.00209525, 0.0813703, 0.377338, 0.36566, 0.389143
0.000904278, 0.0615833, 0.345947, 0.334505, 0.35755
0.000909259, 0.0219013, 0, -0.00150524, 0.00748285
0.00224176, 0.131521, 0.0694921, 0.0618929, 0.0778337
0.00265178, 0.104997, 0.102876, 0.0949746, 0.11128
0.00293012, 0.0889187, 0.12411, 0.116093, 0.13254
7.15383e-05, 0.151272, 0, -0.00150524, 0.00748285
0.00140751, 0.123875, 0.0647503, 0.0572147, 0.073079
0.00181705, 0.150103, 0.0233166, 0.0170634, 0.0313962
0.000790256, 0.153747, 0.000595948, -0.00125571, 0.00809968
0.000619368, 0.0362956, 0.0586658, 0.0512249, 0.066975
0.00232336, 0.0761762, 0.358959, 0.347412, 0.370652
0.000757152, 0.0543706, 0.268636, 0.258018, 0.279494
0.0028833, 0.103914, 0.0761793, 0.0685017, 0.0845369
0.00211646, 0.12787, 0.0882044, 0.0804114, 0.0965864
0.00131979, 0.196492, 0, -0.00150524, 0.00748285
0.00227106, 0.0443972, 0.6463, 0.634642, 0.657806
0.00228711, 0.195564, 0.00295276, 1.06468e-06, 0.0105544
0.00088561, 0.0407647, 0.0796101, 0.0718961, 0.0879758
0.00234458, 0.00531041, 0, -0.00150524, 0.00748285
0.00132271, 0.0327218, 0.0704515, 0.0628401, 0.0787957
0.0021453, 0.107812, 0.171157, 0.162201, 0.180454
0.00117157, 0.153993, 0.00163577, -0.00074906, 0.00918362
0.000655907, 0.0245868, 0.00113701, -0.00100281, 0.00866419
0.00192244, 0.0295012, 0.0950901, 0.0872424, 0.103484
0.000991635, 0.181484, 0, -0.00150524, 0.00748285
0.000288643, 0.0440538, 0.200922, 0.191368, 0.210785
0.00280407, 0.106565, 0.0737033, 0.0660529, 0.0820558
0.000177145, 0.110178, 0.000595948, -0.00125571, 0.00809968
0.00247212, 0.186956, 0.00408719, 0.0007236, 0.0117335
0.000945392, 0.00590699, 0, -0.00150524, 0.00748285
0.000320992, 0.181221, 0, -0.00150524, 0.00748285
0.00134888, 0.0966092, 0.245649, 0.235352, 0.25621
0.00126625, 0.162365, 0.00163577, -0.00074906, 0.00918362
0.00256227, 0.0286758, 0.120997, 0.112995, 0.129424
0.00253534, 0.0926652, 0.172242, 0.163262, 0.181561
0.00188839, 0.191087, 0.00253807, -0.000246273, 0.010122
0.00100888, 0.0254769, 0.00113701, -0.00100281, 0.00866419
0.00218053, 0.0407081, 0.549905, 0.537829, 0.56193
0.000768464, 0.104171, 0.027417, 0.0209163, 0.035543
0.00142618, 0.0440945, 0.385741, 0.37401, 0.397591
0.00295631, 0.133705, 0.0306922, 0.0240286, 0.0388487
0.000132802, 0.13479, 0, -0.00150524, 0.00748285
0.0027914, 0.155892, 0.0190018, 0.0130797, 0.0270225
0.00281391, 0.146124, 0.0269827, 0.0205062, 0.0351033
0.00276966, 0.170418, 0.00891327, 0.00431115, 0.0167203
0.000855154, 0.0808733, 0.19241, 0.183018, 0.20212
0.000463569, 0.068483, 0.100588, 0.0927017, 0.10899
0.000891405, 0.0758746, 0.258661, 0.248177, 0.269394
0.00126349, 0.151215, 0.00408719, 0.0007236, 0.0117335
0.000814413, 0.0874482, 0.114982, 0.107009, 0.123402
0.000901472, 0.135394, 0.00372439, 0.000486061, 0.0113559
0.00161787, 0.0198324, 0, -0.00150524, 0.00748285
0.000842835, 0.0617458, 0.316725, 0.305551, 0.328089
0.00253776, 0.0696939, 0.387422, 0.37568, 0.399281
0.00144056, 0.160123, 0.0068781, 0.00271826, 0.0146237
0.00254364, 0.0884304, 0.197018, 0.187538, 0.206812
0.0022938, 0.108156, 0.14611, 0.137733, 0.154853
0.00160032, 0.158606, 0.00891327, 0.00431115, 0.0167203
0.00276257, 0.0992423, 0.103767, 0.0958599, 0.112173
0.00223603, 0.0116394, 0, -0.00150524, 0.00748285
0.00169253, 0.0323441, 0.140363, 0.132131, 0.148968
0.000591882, 0.0753565, 0.109395, 0.101453, 0.117808
0.000132103, 0.139436, 0, -0.00150524, 0.00748285
0.00205804, 0.00886958, 0, -0.00150524, 0.00748285
0.000703314, 0.083418, 0.101037, 0.0931482, 0.109439
0.00126495, 0.0547769, 0.467064, 0.454996, 0.479166
0.0025109, 0.108577, 0.11746, 0.109475, 0.125883
0.00259309, 0.0215831, 0.00295276, 1.06468e-06, 0.0105544
0.00228651, 0.120748, 0.101264, 0.0933735, 0.109666
0.000925186, 0.0371016, 0.0423818, 0.0352965, 0.0506196
0.00147411, 0.0473017, 0.485931, 0.473832, 0.498045
0.00241406, 0.0429361, 0.635131, 0.623401, 0.646722
0.00109785, 0.199901, 0, -0.00150524, 0.00748285
6.42867e-05, 0.0336539, 0.174736, 0.165702, 0.184106
0.000365804, 0.174143, 0, -0.00150524, 0.00748285
0.00180134, 0.120142, 0.122903, 0.114892, 0.131332
0.000420801, 0.0372534, 0.176579, 0.167507, 0.185986
0.000827277, 0.138075, 0.00408719, 0.0007236, 0.0117335
0.00216493, 0.109995, 0.165628, 0.156792, 0.174809
0.0029243, 0.199562, 0.00253807, -0.000246273, 0.010122
0.00153082, 0.193121, 0.00163577, -0.00074906, 0.00918362
0.000813946, 0.167778, 0, -0.00150524, 0.00748285
0.000837869, 0.0606576, 0.318081, 0.306893, 0.329457
0.00160669, 0.072344, 0.569043, 0.557012, 0.581003
0.000713986, 0.188066, 0, -0.00150524, 0.00748285
0.00277333, 0.1422, 0.0307872, 0.0241196, 0.0389436
0.00057379, 0.0263654, 0.00477223, 0.00118824, 0.0124427
0.00291747, 0.0956767, 0.0932501, 0.0854167, 0.10164
0.00216101, 0.07795, 0.388723, 0.376973, 0.400588
0.00252402, 0.162354, 0.0161494, 0.010503, 0.0241221
0.00280272, 0.0224354, 0.00793365, 0.00353283, 0.0157119
0.000270975, 0.191668, 0, -0.00150524, 0.00748285
0.000546322, 0.131629, 0.000595948, -0.00125571, 0.00809968
0.000736232, 0.0123856, 0, -0.00150524, 0.00748285
0.000542459, 0.100056, 0.0137931, 0.00842079, 0.0217204
0.00230175, 0.133005, 0.0652298, 0.0576876, 0.0735597
0.00236685, 0.0621087, 0.539279, 0.527185, 0.551332
0.00181503, 0.16767, 0.00793365, 0.00353283, 0.0157119
0.000562754, 0.131662, 0.000595948, -0.00125571, 0.00809968
0.000933739, 0.104452, 0.0580223, 0.0505924, 0.066329
0.00246977, 0.110115, 0.112529, 0.10457, 0.120946
0.00293029, 0.14554, 0.0219527, 0.0157945, 0.0300161
0.001541, 0.189534, 0.000595948, -0.00125571, 0.00809968
0.00184874, 0.061166, 0.655083, 0.643488, 0.666517
0.0013799, 0.074165, 0.515424, 0.503311, 0.527522
0.00025763, 0.0982197, 0.00443656, 0.000957788, 0.0120967
0.000599339, 0.0231322, 0.00295276, 1.06468e-06, 0.0105544
0.00268251, 0.182321, 0.00659938, 0.00250811, 0.0143353
0.000901883, 0.0872343, 0.152887, 0.144345, 0.161788
0.00279578, 0.196891, 0.00210084, -0.000496529, 0.00966772
0.00200411, 0.0109372, 0, -0.00150524, 0.00748285
0.00294659, 0.0707518, 0.279425, 0.268669, 0.29041
0.000405788, 0.129308, 0.000595948, -0.00125571, 0.00809968
0.0027491, 0.148047, 0.0230723, 0.0168357, 0.0311487
0.00135493, 0.167578, 0.00210084, -0.000496529, 0.00966772
0.00258297, 0.0543102, 0.629493, 0.617728, 0.641124
0.00174923, 0.183997, 0.00163577, -0.00074906, 0.00918362
0.00132363, 0.194591, 0, -0.00150524, 0.00748285
0.00239833, 0.130614, 0.0620744, 0.0545786, 0.0703949
0.00220778, 0.0306305, 0.161887, 0.153136, 0.170988
0.000807275, 0.132894, 0.00253807, -0.000246273, 0.010122
0.000839539, 0.199531, 0.000595948, -0.00125571, 0.00809968
0.00196824, 0.173483, 0.00295276, 1.06468e-06, 0.0105544
0.0018314, 0.156731, 0.0164671, 0.010787, 0.0244458
0.0020871, 0.163222, 0.0134341, 0.00810793, 0.0213542
0.00226425, 0.164877, 0.0143205, 0.00888253, 0.0222583
0.00255153, 0.0063171, 0, -0.00150524, 0.00748285
0.00164002, 0.131442, 0.061462, 0.0539755, 0.0697806
0.00145494, 0.142183, 0.0185744, 0.01269, 0.026589
0.00067228, 0.186637, 0, -0.00150524, 0.00748285
0.00045213, 0.140931, 0, -0.00150524, 0.00748285
0.00216998, 0.0329266, 0.25351, 0.243099, 0.264177
0.00141375, 0.1695, 0.00253807, -0.000246273, 0.010122
0.00058424, 0.194835, 0, -0.00150524, 0.00748285
0.0021589, 0.199145, 0.00113701, -0.00100281, 0.00866419
0.00223738, 0.126966, 0.08896, 0.0811605, 0.0973436
0.00160966, 0.124384, 0.0874453, 0.0796588, 0.0958258
0.00212317, 0.0164428, 0, -0.00150524, 0.00748285
0.00276554, 0.0357753, 0.435999, 0.42402, 0.448044
0.000668067, 0.191189, 0, -0.00150524, 0.00748285
0.000848843, 0.129048, 0.00509987, 0.00141613, 0.0127844
0.00248835, 0.101703, 0.13993, 0.131708, 0.148524
0.00144219, 0.165547, 0.00372439, 0.000486061, 0.0113559
0.000274269, 0.178601, 0, -0.00150524, 0.00748285
0.000856403, 0.100846, 0.051898, 0.0445826, 0.0601822
0.000275792, 0.110646, 0.000595948, -0.00125571, 0.00809968
0.00233096, 0.166165, 0.0115256, 0.00647006, 0.0194027
0.00180303, 0.0516304, 0.665546, 0.654032, 0.676889
0.00288933, 0.129649, 0.0318492, 0.0251341, 0.040015
0.00171638, 0.187889, 0.00163577, -0.00074906, 0.00918362
0.00195244, 0.00649615, 0, -0.00150524, 0.00748285
0.00129367, 0.0271453, 0.00914944, 0.00450125, 0.0169642
0.00254952, 0.17546, 0.0109102, 0.00595204, 0.0187716
0.00240372, 0.0962839, 0.185633, 0.176375, 0.195217
0.00273476, 0.0152473, 0, -0.00150524, 0.00748285
0.00238333, 0.131268, 0.0639406, 0.0564168, 0.0722669
0.00146421, 0.0277658, 0.0242756, 0.0179592, 0.0323675
0.00066091, 0.159433, 0, -0.00150524, 0.00748285
0.00283561, 0.0356487, 0.441908, 0.429909, 0.453968
0.00205263, 0.134555, 0.0650167, 0.0574774, 0.073346
0.00199943, 0.0537301, 0.68875, 0.677437, 0.699869
0.00202475, 0.159302, 0.0184278, 0.0125571, 0.0264392
0.00167511, 0.12677, 0.0793353, 0.0716243, 0.0877003
0.00148183, 0.0746517, 0.533912, 0.521811, 0.545977
0.0029976, 0.177747, 0.00602168, 0.0020796, 0.0137367
0.00277964, 0.16214, 0.0159898, 0.0103604, 0.0239599
0.00201509, 0.0999755, 0.245216, 0.234925, 0.25577
0.000593085, 0.111109, 0.00541667, 0.00164061, 0.013113
0.000498912, 0.166931, 0, -0.00150524, 0.00748285
0.000625001, 0.176894, 0, -0.00150524, 0.00748285
0.00240721, 0.0976764, 0.173543, 0.164535, 0.182889
0.000329687, 0.126641, 0, -0.00150524, 0.00748285
0.00169215, 0.107009, 0.208132, 0.198447, 0.218119
0.00146388, 0.152631, 0.00843289, 0.00392669, 0.0162269
0.00181947, 0.182527, 0.00113701, -0.00100281, 0.00866419
0.00092959, 0.100295, 0.0782344, 0.0705346, 0.086597
0.00178254, 0.0948971, 0.316834, 0.305659, 0.328199
0.000748105, 0.0767743, 0.174356, 0.165331, 0.183718
0.00142831, 0.127489, 0.0500058, 0.0427308, 0.0582816
0.000822207, 0.121964, 0.00767824, 0.00333307, 0.0154494
0.00276305, 0.179131, 0.00631413, 0.00229527, 0.01404
0.000491569, 0.106737, 0.00372439, 0.000486061, 0.0113559
0.00142974, 0.134788, 0.027417, 0.0209163, 0.035543
0.00189754, 0.165402, 0.00983284, 0.00505826, 0.0176663
0.00283863, 0.173948, 0.0130682, 0.00779049, 0.0209808
0.00289992, 0.0977241, 0.094095, 0.0862549, 0.102487
0.00220665, 0.0135091, 0, -0.00150524, 0.00748285
0.00236949, 0.0396267, 0.54714, 0.535059, 0.559173
0.00134989, 0.0403315, 0.256546, 0.246092, 0.267253
0.00135166, 0.0922409, 0.305232, 0.294177, 0.316488
0.0012346, 0.144401, 0.00715092, 0.0029259, 0.014906
0.00119354, 0.134485, 0.0134341, 0.00810793, 0.0213542
0.000610448, 0.193105, 0, -0.00150524, 0.00748285
0.00295853, 0.0124612, 0, -0.00150524, 0.00748285
0.00132879, 0.0571508, 0.52887, 0.516764, 0.540946
0.00175816, 0.137435, 0.0461081, 0.038924, 0.0543653
0.00196434, 0.0259595, 0.03, 0.0233687, 0.0381503
0.0029583, 0.180339, 0.00443656, 0.000957788, 0.0120967
0.00125696, 0.175517, 0, -0.00150524, 0.00748285
0.0018656, 0.153427, 0.0216933, 0.0155549, 0.0297519
0.00195999, 0.143431, 0.0421527, 0.0350741, 0.0503889
0.000313779, 0.192722, 0, -0.00150524, 0.00748285
0.00106357, 0.11535, 0.0404537, 0.0334252, 0.0486802
0.00151124, 0.198222, 0, -0.00150524, 0.00748285
0.00224956, 0.156436, 0.0236816, 0.0174036, 0.0317666
0.00107416, 0.174994, 0, -0.00150524, 0.00748285
0.00220382, 0.169418, 0.00891327, 0.00431115, 0.0167203
0.00176622, 0.162318, 0.0130682, 0.00779049, 0.0209808
0.000449453, 0.0125972, 0, -0.00150524, 0.00748285
0.00246217, 0.0535803, 0.652318, 0.640703, 0.663775
0.00173866, 0.124384, 0.0956399, 0.0877884, 0.104034
0.00126252, 0.0203327, 0, -0.00150524, 0.00748285
0.000707709, 0.00541656, 0, -0.00150524, 0.00748285
0.00166099, 0.19193, 0, -0.00150524, 0.00748285
0.000956826, 0.0227399, 0, -0.00150524, 0.00748285
0.000110976, 0.0735295, 0.00891327, 0.00431115, 0.0167203
0.00241574, 0.0325078, 0.263432, 0.252883, 0.274226
0.000975013, 0.0501492, 0.24977, 0.239412, 0.260386
0.000783857, 0.0381465, 0.0452546, 0.0380919, 0.0535077
0.00272331, 0.19758, 0.00210084, -0.000496529, 0.00966772
0.000214314, 0.0617399, 0.0427597, 0.0356636, 0.0509998
0.00165884, 0.10854, 0.188398, 0.179084, 0.198034
0.00228103, 0.121002, 0.100964, 0.0930751, 0.109366
0.00218459, 0.145285, 0.0427597, 0.0356636, 0.0509998
0.00235102, 0.145967, 0.0346095, 0.0277813, 0.0427969
0.00119772, 0.153504, 0.00477223, 0.00118824, 0.0124427
0.00114407, 0.0082259, 0, -0.00150524, 0.00748285
0.00141115, 0.133456, 0.0335266, 0.0267412, 0.0417056
0.000921617, 0.13087, 0.00767824, 0.00333307, 0.0154494
0.00214689, 0.091966, 0.263215, 0.252669, 0.274006
0.00295653, 0.158345, 0.0150039, 0.00948467, 0.0229554
0.00165398, 0.0251773, 0.0123131, 0.00714054, 0.0202087
0.0015773, 0.113305, 0.145026, 0.136676, 0.153743
0.00175163, 0.0623477, 0.650962, 0.639338, 0.662431
0.000931681, 0.0309584, 0.0113219, 0.00629829, 0.0191932
0.00239626, 0.033484, 0.299105, 0.288118, 0.310301
0.00269618, 0.155669, 0.0211765, 0.0150767, 0.0292284
0.00298293, 0.0163053, 0, -0.00150524, 0.00748285
0.000516393, 0.187286, 0, -0.00150524, 0.00748285
0.000865769, 0.0655966, 0.32193, 0.310704, 0.33334
0.00104654, 0.0939437, 0.153863, 0.145298, 0.162786
0.00210443, 0.0544459, 0.677907, 0.666496, 0.689135
0.00172888, 0.0420373, 0.46907, 0.456998, 0.481174
0.000697762, 0.107661, 0.0115256, 0.00647006, 0.0194027
0.00207045, 0.16116, 0.0173913, 0.0116183, 0.0253856
0.00194093, 0.047445, 0.658607, 0.647038, 0.670011
0.00131512, 0.1276, 0.0324186, 0.0256786, 0.0405895
0.000103975, 0.0347354, 0.186609, 0.177331, 0.196211
0.000460382, 0.0332154, 0.0984046, 0.0905335, 0.106803
0.00239596, 0.0206264, 0.00210084, -0.000496529, 0.00966772
0.00287592, 0.169854, 0.0159898, 0.0103604, 0.0239599
0.000609643, 0.0992951, 0.021569, 0.015439, 0.0296274
0.00120144, 0.193011, 0.000595948, -0.00125571, 0.00809968
0.00146705, 0.171578, 0.000595948, -0.00125571, 0.00809968
0.00119305, 0.0343178, 0.0686257, 0.0610376, 0.0769649
0.00191568, 0.137353, 0.0527905, 0.045457, 0.0610783
0.0027898, 0.102944, 0.0943343, 0.0864923, 0.102727
0.00161125, 0.134607, 0.0478486, 0.0406226, 0.0561143
0.00181605, 0.106322, 0.213445, 0.203666, 0.223521
0.00104043, 0.192812, 0.000595948, -0.00125571, 0.00809968
0.00286971, 0.0565898, 0.546706, 0.534624, 0.55874
0.000823953, 0.0159376, 0.000595948, -0.00125571, 0.00809968
0.00237318, 0.0353168, 0.382109, 0.3704, 0.39394
0.00194667, 0.0317754, 0.165411, 0.15658, 0.174587
0.00185159, 0.156008, 0.0156651, 0.0100713, 0.0236287
0.00295648, 0.142121, 0.0218212, 0.0156734, 0.0298814
0.00194301, 0.0810049, 0.420439, 0.408523, 0.432437
0.00135045, 0.0996733, 0.216807, 0.20697, 0.226937
0.000385118, 0.101355, 0.00334608, 0.000245155, 0.0109606
0.00261929, 0.0164832, 0, -0.00150524, 0.00748285
0.00103399, 0.0986312, 0.114186, 0.106218, 0.122605
0.00286178, 0.059455, 0.491732, 0.479627, 0.503846
0.000352735, 0.150777, 0, -0.00150524, 0.00748285
0.00270619, 0.0799938, 0.218867, 0.208995, 0.22903
0.00110947, 0.138576, 0.00741565, 0.00313002, 0.0151773
0.0020346, 0.0296187, 0.108427, 0.100491, 0.116839
0.0028141, 0.130134, 0.0410811, 0.0340333, 0.0493118
0.00264435, 0.154042, 0.0266593, 0.0202002, 0.0347776
0.00171386, 0.184262, 0.00163577, -0.00074906, 0.00918362
0.00274803, 0.112085, 0.0755228, 0.067852, 0.0838795
9.26997e-05, 0.178335, 0, -0.00150524, 0.00748285
0.00289422, 0.0970813, 0.0922832, 0.0844572, 0.100672
0.00102188, 0.0320119, 0.0203813, 0.0143437, 0.0284222
0.00265639, 0.184042, 0.00372439, 0.000486061, 0.0113559
0.00121046, 0.140887, 0.00960901, 0.00487473, 0.0174369
0.000293911, 0.106189, 0.00163577, -0.00074906, 0.00918362
0.00142943, 0.0503235, 0.514936, 0.502823, 0.527034
0.000226019, 0.0737722, 0.0155039, 0.00992737, 0.0234656
0.00288729, 0.1415, 0.0267644, 0.0203002, 0.0348826
0.000360051, 0.0367756, 0.201355, 0.191794, 0.211226
0.000571164, 0.13915, 0.000595948, -0.00125571, 0.00809968
0.000565952, 0.0808456, 0.0661848, 0.0586292, 0.0745174
0.00191509, 0.0975475, 0.282028, 0.271239, 0.293041
0.000594825, 0.199486, 0, -0.00150524, 0.00748285
0.000533434, 0.124456, 0.00163577, -0.00074906, 0.00918362
0.00294958, 0.0481414, 0.66945, 0.657967, 0.680757
0.000604494, 0.118758, 0.00372439, 0.000486061, 0.0113559
0.000360363, 0.125754, 0.000595948, -0.00125571, 0.00809968
0.000737575, 0.0585399, 0.2791, 0.268348, 0.290081
0.00113207, 0.0387072, 0.117358, 0.109374, 0.12578
0.000863097, 0.112082, 0.0230723, 0.0168357, 0.0311487
0.00218446, 0.0538709, 0.68154, 0.67016, 0.692731
0.000940433, 0.0936048, 0.120371, 0.112372, 0.128797
0.00245637, 0.152179, 0.0213083, 0.0151982, 0.0293626
0.00292801, 0.156817, 0.0166253, 0.0109285, 0.0246075
0.000464013, 0.127748, 0.000595948, -0.00125571, 0.00809968
0.00250971, 0.101478, 0.136731, 0.128592, 0.145245
0.00210671, 0.153521, 0.027417, 0.0209163, 0.035543
0.00242726, 0.0312913, 0.204337, 0.194721, 0.21426
0.00164579, 0.11869, 0.112454, 0.104495, 0.12087
0.00184483, 0.146016, 0.033893, 0.0270926, 0.0420755
0.00266122, 0.0505308, 0.675034, 0.663598, 0.686289
0.000352483, 0.0870063, 0.0159898, 0.0103604, 0.0239599
0.000465819, 0.191349, 0, -0.00150524, 0.00748285
0.00204466, 0.0431612, 0.59306, 0.581113, 0.604912
0.00299402, 0.0657699, 0.350664, 0.339183, 0.3623
0.000747214, 0.0846158, 0.110777, 0.102827, 0.119192
0.00288827, 0.0868995, 0.14714, 0.138738, 0.155908
0.000842662, 0.0483874, 0.190024, 0.180679, 0.199691
0.000339189, 0.0307009, 0.156357, 0.147733, 0.165336
0.000936056, 0.0444481, 0.139821, 0.131602, 0.148412
0.000783665, 0.0327243, 0.0123131, 0.00714054, 0.0202087
0.00143221, 0.121866, 0.074039, 0.066385, 0.0823921
0.00273961, 0.0482004, 0.669775, 0.658295, 0.681079
0.000589701, 0.147704, 0.000595948, -0.00125571, 0.00809968
0.000672089, 0.0100101, 0, -0.00150524, 0.00748285
0.00147752, 0.188326, 0, -0.00150524, 0.00748285
0.000408546, 0.134387, 0, -0.00150524, 0.00748285
0.0012489, 0.158448, 0.00295276, 1.06468e-06, 0.0105544
0.00195837, 0.0125227, 0, -0.00150524, 0.00748285
0.000894927, 0.195907, 0, -0.00150524, 0.00748285
0.00138515, 0.160273, 0.00509987, 0.00141613, 0.0127844
0.000555166, 0.101346, 0.0119225, 0.00680732, 0.0198083
0.00167516, 0.100188, 0.263594, 0.253043, 0.27439
0.0026319, 0.015028, 0, -0.00150524, 0.00748285
0.00244364, 0.0228719, 0.00741565, 0.00313002, 0.0151773
0.00176316, 0.0397319, 0.4135, 0.401616, 0.425473
0.00169748, 0.17324, 0.00210084, -0.000496529, 0.00966772
0.000877016, 0.0927853, 0.103767, 0.0958599, 0.112173
0.00112403, 0.175544, 0.00163577, -0.00074906, 0.00918362
0.00178008, 0.0878884, 0.388127, 0.37638, 0.399989
8.45019e-05, 0.129406, 0.000595948, -0.00125571, 0.00809968
0.000751954, 0.0794846, 0.15164, 0.143128, 0.160512
0.00115844, 0.188262, 0, -0.00150524, 0.00748285
0.00105033, 0.0766877, 0.342478, 0.331064, 0.354054
0.000204667, 0.0186392, 0.102804, 0.0949034, 0.111209
0.00265439, 0.104398, 0.105715, 0.0977958, 0.114123
0.000619608, 0.117755, 0.00372439, 0.000486061, 0.0113559
0.000377351, 0.128464, 0.000595948, -0.00125571, 0.00809968
0.00252376, 0.103793, 0.121327, 0.113323, 0.129754
0.00283134, 0.0842961, 0.162537, 0.153771, 0.171652
0.000155921, 0.0907143, 0.00253807, -0.000246273, 0.010122
0.00236182, 0.0299092, 0.146706, 0.138315, 0.155464
0.000519846, 0.0699849, 0.11556, 0.107584, 0.12398
0.000928183, 0.153957, 0, -0.00150524, 0.00748285
0.00205255, 0.198958, 0.000595948, -0.00125571, 0.00809968
0.00179804, 0.112216, 0.170453, 0.161511, 0.179735
0.00294922, 0.191412, 0.00477223, 0.00118824, 0.0124427
0.000118877, 0.120719, 0, -0.00150524, 0.00748285
0.000791255, 0.148432, 0.000595948, -0.00125571, 0.00809968
0.00177687, 0.16849, 0.00602168, 0.0020796, 0.0137367
0.00275827, 0.00556853, 0, -0.00150524, 0.00748285
0.00224486, 0.0110212, 0, -0.00150524, 0.00748285
0.00186753, 0.134091, 0.0666604, 0.0590981, 0.0749948
0.00108202, 0.077361, 0.353104, 0.341603, 0.364757
0.0013232, 0.164874, 0.00163577, -0.00074906, 0.00918362
0.000746557, 0.185054, 0, -0.00150524, 0.00748285
0.00184954, 0.0483807, 0.647221, 0.635571, 0.65872
0.00186824, 0.0117491, 0, -0.00150524, 0.00748285
0.00168689, 0.071008, 0.579181, 0.567182, 0.591099
0.000779232, 0.0788503, 0.170995, 0.162042, 0.180288
0.00259067, 0.0467728, 0.687449, 0.676123, 0.698581
0.00227985, 0.0825065, 0.308756, 0.297664, 0.320046
0.000431105, 0.185756, 0, -0.00150524, 0.00748285
0.00255547, 0.176903, 0.0102729, 0.00542096, 0.0181183
0.00191691, 0.0931416, 0.314828, 0.303673, 0.326175
0.00179048, 0.0288236, 0.0704515, 0.0628401, 0.0787957
0.00251291, 0.0542803, 0.643155, 0.631477, 0.654686
0.000702024, 0.0210106, 0, -0.00150524, 0.00748285
0.00226961, 0.10853, 0.152453, 0.143922, 0.161344
0.000605808, 0.128581, 0.000595948, -0.00125571, 0.00809968
0.000926144, 0.109471, 0.0387761, 0.0318002, 0.0469924
0.000545146, 0.0558855, 0.228788, 0.218752, 0.239105
0.00190299, 0.191329, 0.00113701, -0.00100281, 0.00866419
0.000319599, 0.136909, 0.000595948, -0.00125571, 0.00809968
